26 281 161 228 209 206 256 290 93 278 35 149 266 123 61 201 30 250 132 196 252 192 175 186 233 173 130 
22 296 193 13 95 224 113 14 3 170 177 45 59 215 140 248 139 152 182 78 189 272 208 
21 127 7 136 75 58 27 82 121 214 109 283 67 115 242 238 66 55 154 153 183 211 
18 0 105 273 44 107 146 163 68 101 98 265 5 288 43 176 194 69 274 
22 24 108 294 60 227 171 21 230 172 122 26 255 100 235 124 145 120 106 71 240 52 165 
18 148 62 218 156 91 222 39 277 174 6 70 118 104 51 12 231 94 84 
18 167 133 210 129 260 198 157 158 202 207 119 142 199 251 112 77 9 2 
17 72 164 299 92 128 64 244 191 237 160 50 90 126 37 135 279 151 
16 168 99 286 15 19 268 111 29 217 73 147 31 289 205 229 293 
16 103 134 56 125 263 284 241 86 254 76 25 291 292 17 97 1 
14 180 85 74 236 200 195 239 190 22 219 143 262 270 257 
14 216 4 203 144 204 40 117 295 114 81 16 297 178 169 
12 80 259 261 18 79 243 269 20 48 10 280 247 
12 110 246 159 32 253 28 23 197 181 155 141 49 
11 87 249 38 187 63 96 223 264 138 46 47 
9 34 220 137 188 57 185 298 287 131 
8 184 8 162 225 232 102 89 83 
7 276 150 267 166 226 282 271 
6 54 53 285 258 42 11 
3 41 245 213 
1 275 
1 116 
1 88 
1 212 
0 
0 
0 
0 
0 
0 
0 
0 
0 
0 
0 
0 
0 
0 
0 
0 
0 
0 
0 
0 
0 
0 
0 
0 
0 
0 
0 
0 
0 
0 
0 
0 
0 
0 
0 
0 
0 
0 
0 
0 
0 
0 
0 
0 
0 
0 
0 
0 
0 
0 
0 
0 
0 
0 
0 
0 
0 
0 
0 
0 
0 
0 
0 
0 
0 
0 
0 
0 
0 
0 
0 
0 
0 
0 
0 
0 
