12 6520 262 9702 2007 9099 4144 7904 2343 4898 8452 2693 8606 
13 5317 7329 6363 5864 1480 5739 6072 7003 8070 2298 2491 3134 1107 
13 7882 3905 7314 2735 7028 6462 881 9509 3187 3864 6830 3198 4996 
13 39 8038 5437 4998 6362 8160 8991 4303 8732 9764 7182 605 1680 
7 1817 6548 6834 558 9624 7476 2134 
9 9503 9011 2881 6740 2605 2288 6382 7280 9489 
10 6581 1773 8239 7347 2204 7966 3508 5156 264 3887 
8 5763 1721 7373 8464 928 5426 2591 1594 
9 4924 4301 8721 4087 9100 9444 5321 134 3491 
12 9897 5377 6724 2787 4532 2984 613 1071 5625 3265 8885 1374 
11 9751 4450 854 3311 288 3962 129 698 8893 9451 8625 
11 4184 7318 8667 3877 723 1725 6169 5679 5997 3705 3630 
13 4029 4135 3256 3625 6526 631 3215 8565 2692 1188 619 103 2499 
10 2147 7196 5593 2122 8749 1545 4148 5833 205 1691 
12 8786 5452 7387 1666 2918 5151 2959 5260 9663 4647 7892 8048 
12 8868 3828 3163 2863 6108 5604 4220 7205 5950 171 6514 8046 
13 2261 2382 5424 5072 9447 2082 7937 4942 9097 6935 1586 3749 8124 
12 2112 8167 6181 8736 6689 6102 2379 1816 3061 2242 5505 8762 
13 7253 380 2512 2662 5619 2272 9944 7970 8244 2344 1572 6145 4735 
10 3090 8402 2198 3117 5481 3173 1119 1486 654 2806 
12 7293 1286 8745 6012 8767 6480 2119 946 2978 447 5895 9967 
13 7322 4884 2741 4163 9788 4460 448 7798 2522 3330 3548 3206 7181 
12 3982 9689 3940 5674 1908 8353 1554 7501 4340 1155 6792 7105 
13 19 938 3139 3091 4575 9586 1057 1989 3487 8016 9455 7345 2289 
12 7787 6729 1823 7394 6495 8525 8156 5626 9979 5664 3310 7228 
12 4306 4572 1433 6491 8458 4872 1934 2646 6 4127 7487 6470 
12 8784 9144 1041 3337 8785 4944 1270 1367 1459 5044 7431 9648 
12 4249 5694 7653 7438 8272 3980 7741 2517 2721 9814 3359 54 
12 7285 1975 964 8655 825 7711 9880 9220 8251 3801 6621 6467 
12 6902 5490 164 4810 1216 6131 4054 7563 6365 7133 8683 7460 
12 3213 7536 8718 2018 9158 9780 9657 6281 6055 539 7146 6227 
12 7267 1215 2316 3721 4673 6353 8395 5908 3694 204 8087 446 
12 3795 355 3515 396 4074 9919 7833 4624 9742 4189 9540 5758 
11 2193 5794 8150 8248 461 7817 5136 6207 6530 2269 3733 
12 3868 5898 4298 81 2400 6692 9028 8672 738 9437 7496 3120 
12 1209 4232 3555 4802 7020 6863 2768 2594 4987 2698 900 962 
12 2056 397 4869 6907 634 5658 427 559 1624 6564 5159 5434 
13 5393 8432 8143 2352 4789 9844 4845 9986 107 4612 1322 2544 3737 
8 4689 5480 2142 7867 7806 3252 1213 4614 
10 8699 1415 1146 4046 7945 2381 7094 9588 3703 8934 
12 9355 694 8343 345 1776 7728 1686 6943 3191 8061 3478 1614 
11 9559 1831 2648 489 5984 3066 6583 1341 7850 3965 8543 
10 4247 4985 9060 4981 34 5968 1932 8366 6933 251 
10 9090 1323 9612 6855 798 4753 7100 1847 4380 0 
12 5837 6245 8079 4625 4880 8284 6159 5802 7746 2877 8066 7290 
10 2346 3623 2374 1724 6398 2549 4632 257 7332 2155 
10 9118 2722 8619 1234 2115 6463 8006 7056 8676 8411 
12 8449 3557 6133 2292 2931 289 4291 3494 8808 7374 9676 7943 
12 3775 7821 6322 8072 8624 252 3186 6696 3150 6664 9358 4320 
11 4112 6466 2412 4536 4385 2958 7584 359 2545 8778 181 
13 3779 2714 5932 3960 4834 7248 3054 7454 745 968 5894 5460 8106 
8 2910 7716 967 1302 8812 584 7771 3041 
10 4396 5721 7528 3114 4026 843 9153 9530 2629 913 
10 7972 2832 7143 2214 4628 9240 4253 1318 7427 6371 
10 4776 8842 6069 6034 1525 9784 835 2406 1295 5048 
12 1644 6601 9581 5031 5394 6921 2111 8417 3096 5164 8526 1003 
12 3689 1917 4658 7638 8014 7620 2847 6555 7443 3652 78 464 
10 1625 9238 9965 7448 5917 9735 4868 3610 2840 1705 
12 3435 2802 7957 8587 6639 2946 5580 7516 577 7168 8308 1698 
12 3262 1428 245 9666 6602 9055 14 155 4928 2820 5339 3897 
6 7468 9310 9520 6014 188 6323 
13 1334 3742 4664 8823 8692 2266 5581 8872 679 9953 9318 2879 4484 
9 9252 2313 2304 8553 8862 7718 470 888 1293 
12 9596 8573 1827 5001 9017 2468 5314 9661 8568 5274 3975 7997 
11 3910 6309 4058 3829 8511 1092 6743 5462 8078 8702 2983 
12 2999 5482 6560 9030 3509 5186 8643 8380 7328 7447 6914 6559 
12 2462 378 8741 9626 2367 2141 4316 744 2050 9032 6070 6241 
12 4593 8200 8548 6678 2080 7176 4092 5643 6005 5121 4723 4399 
8 8227 5054 2332 5520 1905 4610 911 8622 
8 4659 2366 376 9474 921 3560 1476 4757 
7 5991 1172 5104 2027 8206 8145 7621 
11 6172 3472 9166 2000 7923 3966 7900 3731 4212 440 3407 
12 9265 8739 1660 1342 4730 2330 1237 793 9006 538 998 6934 
12 5018 519 8914 5892 9068 7749 4262 9575 9009 1899 6242 1699 
12 8489 1252 4665 5708 8664 9333 2439 7279 4114 5353 7218 1009 
7 986 3647 3989 5632 8253 1380 7593 
12 6825 3746 9526 4848 874 650 5303 6445 8080 8997 9775 6288 
12 8257 6036 9435 9889 8234 3216 6811 6124 9193 7291 2597 5037 
8 3118 2524 5578 8645 5495 1140 5348 5606 
8 6220 6340 9459 8654 2138 4095 6249 5084 
11 2577 2682 2021 9313 3566 473 2777 4486 4751 5900 5647 
11 775 4323 6759 6250 853 1695 1060 7589 8313 9834 8279 
12 4244 4322 1311 9826 210 9583 6439 2839 6578 410 2609 4277 
12 9974 3847 1850 5078 1251 5145 1935 5176 3571 5949 4823 4662 
12 2519 3592 3792 3493 7565 4387 1282 7907 1520 6627 2197 4091 
11 2652 9679 9508 9406 6360 4470 8247 995 1736 443 5896 
12 2140 7125 4638 9407 347 3996 9433 2837 4032 3379 8365 8275 
11 8203 7576 1197 3362 6519 3881 3399 6094 3878 7991 1542 
10 9410 3147 9989 2495 4939 7012 1933 3095 6958 1375 
10 1968 1328 2947 2092 5671 9338 905 6960 9336 4978 
8 9869 5783 873 3205 1114 201 3741 8414 
11 9477 1271 549 8681 8779 7844 1224 5845 3074 2011 794 
11 739 3291 6279 6677 9959 7868 4240 3180 7419 9782 9069 
11 6004 4854 2893 4749 5610 2237 9057 6195 1187 8454 9726 
12 2670 8438 5327 4525 3469 5102 2457 9281 4961 2433 9956 9719 
12 4485 9378 5934 9382 5093 3704 4149 2505 7340 7852 9301 7404 
11 7088 9303 4937 5017 1004 2932 8536 8836 6210 3656 2540 
12 5967 7334 6485 8243 3146 315 7316 1915 6481 8015 9365 9573 
12 9402 3646 1424 5169 5356 1617 1179 7944 87 7669 3312 5423 
11 553 2649 624 2904 2275 8881 8466 4597 1811 8556 1091 
12 7320 9219 7810 9705 2178 9678 1298 285 4864 3728 7221 7160 
8 300 4679 4520 4330 3674 2229 6355 4273 
12 5402 6476 9364 8799 3763 1039 3753 7195 9958 1401 6187 6624 
11 9851 3278 7520 2262 9697 28 8932 6313 8946 4363 1982 
11 8188 9276 4685 917 1448 8029 2364 5217 6588 329 6060 
11 88 2596 3935 1789 6272 9400 1126 8971 1878 8282 9467 
11 7309 6927 6663 683 4028 6801 5835 5661 4265 7968 2993 
11 9939 7557 6808 6922 5221 517 1597 4768 9638 9552 9308 
12 9630 6264 7562 8960 6122 3519 5014 3521 8126 6892 7052 3712 
11 1595 5212 7616 7109 8316 7027 6334 9542 8455 3838 8905 
11 6228 9187 1912 9441 6149 5027 8410 4082 5039 4412 6978 
12 5901 8545 2465 7494 7361 7207 9031 6413 9653 455 5657 6717 
11 150 6312 9139 8010 1579 2311 1802 9568 7408 2225 5130 
11 3257 2690 7457 7815 9616 7455 4497 7578 4695 6542 3464 
12 4274 5105 6303 1957 9479 6763 1185 6691 7644 7121 3619 1120 
12 2160 5045 5203 2022 7986 2453 1983 8327 9507 7639 8299 5543 
11 585 8576 8258 7864 8995 9949 670 594 8165 7983 3313 
11 6969 7461 5165 5662 9862 5905 5 7720 5142 8707 4766 
10 3816 1369 1073 4467 6259 9184 6482 504 8863 2853 
12 3411 4654 1587 7622 9654 7548 4388 8603 1456 441 4820 8377 
11 1955 1946 1853 6645 3418 5238 7793 5635 1754 4769 73 
12 394 1465 3645 1345 8892 7065 7006 3081 9053 3670 3581 4158 
10 3861 7186 5779 8827 9950 755 7774 1468 4573 2822 
11 4196 7379 1753 1748 676 6708 5153 754 4708 5897 5501 
11 8675 3531 3222 9792 4115 7595 6552 4473 4181 9221 778 
9 3145 6879 7342 6335 7288 154 805 1242 4378 
10 1884 7633 1101 1591 9349 3489 6683 6472 4 5961 
11 8761 6965 7064 7701 8793 2643 1392 5488 7289 5544 8019 
11 3976 3368 2180 3879 4238 5109 6949 3723 1575 2579 143 
10 459 3990 3732 3513 4371 1255 701 641 960 5812 
12 4221 279 4596 7507 6042 4977 6994 7623 6810 2550 7950 8499 
9 3908 2305 7922 751 5279 6393 4784 1000 1636 
10 4386 9154 2064 4038 9966 9077 5776 6635 2421 7522 
8 8128 7227 1672 272 4454 7151 4799 2886 
10 9249 7048 9330 6237 1762 7665 6428 3015 6760 1622 
11 4713 7078 1752 663 8173 9720 286 1712 5231 2586 5877 
12 5491 6924 6426 720 9785 239 3841 4193 4464 4611 3889 623 
10 1002 2355 9037 8912 8998 6289 3305 9414 2815 2953 
12 4309 4404 2600 7080 5070 1398 658 9597 2763 6791 5047 8163 
12 8486 2520 1578 1631 6574 9963 2798 2539 7932 6826 9277 4218 
10 4847 1874 7648 4443 1655 8358 7743 958 7144 1887 
10 2941 5970 5281 8180 408 9667 1548 6660 4222 9773 
11 7975 6654 5090 5902 5080 413 9800 2800 4292 1484 3388 
10 2360 8661 4583 5888 895 2398 647 9600 5979 1950 
11 6977 5947 1728 3223 9524 1046 3599 9615 5311 316 4243 
11 3058 2415 99 498 5711 5401 1446 806 7497 2795 9531 
11 8555 7120 6369 8189 1634 6261 2137 3890 7969 5570 9304 
11 2393 5324 9485 4605 9263 1469 1502 3644 6880 3922 5108 
11 4839 5907 8055 9561 5064 8161 8733 5033 5750 1522 706 
11 3006 7553 582 6440 6742 6197 2023 9758 6531 3350 8908 
11 2402 4324 6634 4618 9233 6715 4134 3550 4925 2864 2691 
11 6913 2213 62 7050 2472 2676 7664 6010 7590 9 5068 
12 5213 2636 1436 2588 7086 9539 756 3971 2570 4468 9146 5874 
10 4493 5804 4600 2866 1011 8647 7304 6374 2334 3698 
9 719 5727 4209 600 4983 6883 2097 5362 9484 
11 3454 7033 6427 6946 7502 139 9521 5595 3634 9905 6191 
6 1067 6529 8306 5612 9413 8001 
10 6048 3338 1319 4246 7081 1953 1175 8478 4994 5784 
12 209 6429 7523 5101 1907 8521 1647 1960 2403 7859 6819 3275 
11 7802 7513 9725 9817 2310 7401 2957 9242 5364 2010 6011 
12 606 2831 6656 2653 1329 8205 6436 6256 3293 3642 7405 6524 
11 4794 2338 5847 3101 442 4282 1673 6608 4210 6388 2069 
11 5716 3168 423 1384 5323 2766 9428 8634 923 3978 2659 
8 7585 2418 7851 6370 5494 9398 2987 2029 
9 4829 8506 4066 8346 2341 5209 4510 5119 2509 
10 657 4224 8886 6247 2925 9681 360 2411 6675 5162 
11 629 249 2315 9566 7872 6963 8095 167 5251 7744 8232 
11 8051 4582 4200 7636 4792 8689 5106 597 6501 8487 5978 
9 6031 7364 9685 507 9551 3927 9431 2096 5855 
9 2930 3136 2303 7637 320 6852 9008 1772 7760 
10 4170 2241 9868 3651 5329 6970 3062 3304 3369 8375 
12 3512 1160 3083 3925 8492 8705 3201 1191 7527 4287 8714 868 
11 1993 2270 1589 4398 3650 5971 9424 1151 7157 7095 5225 
11 7384 2220 890 8473 1883 6270 5470 3668 5617 4668 7825 
11 2086 4294 4414 711 2678 7425 8951 2057 4681 1923 9206 
11 1142 5240 1430 6611 6859 1241 5077 6301 5512 7625 8874 
12 697 6648 686 1687 3128 4013 4250 2595 1249 8734 6271 6613 
12 4278 7312 6737 2506 2553 1509 4085 7352 6226 5319 4445 170 
7 2068 5533 3439 7788 2660 4971 390 
11 8300 4076 1927 9363 9423 9713 8835 7865 4968 6212 5354 
11 8882 6135 880 9015 9565 1256 6671 2582 787 2188 3026 
11 1406 3669 5517 8902 6196 2616 4463 6525 1419 5416 3042 
11 9675 1639 4807 4852 5935 2091 1760 4407 6086 8461 6093 
11 6884 8586 7255 187 6165 3590 4284 16 3003 2897 6750 
12 65 945 9408 6915 8125 8170 7210 1501 8544 9417 3402 242 
11 1066 2748 3750 6376 9280 2442 1338 4043 6088 3417 4599 
11 1438 3682 5367 4844 4255 4613 7392 6489 9532 7977 7089 
11 6053 9288 4584 2644 3803 3782 6225 5951 9426 4458 8717 
9 8686 1371 8073 9012 2470 7025 574 2035 7302 
9 156 523 3476 9208 2430 824 685 9493 690 
12 2576 4878 5849 3424 2732 8356 5608 6204 7979 9717 343 9536 
9 9627 7949 7889 8809 4206 7752 5283 7269 8596 
8 2718 9607 5215 2610 9994 1506 4281 3934 
11 8917 3968 493 4050 7901 4744 9183 7333 4049 5058 1708 
12 138 5214 2351 6203 6234 4722 3391 3920 8540 9957 8089 5456 
9 8806 6954 5003 7059 8910 9723 3431 9669 8301 
9 7134 4124 5059 6138 3397 2995 8197 3944 6701 
11 8081 4035 45 296 5964 5271 7159 3289 2191 9434 5269 
12 9610 2429 3197 965 4630 7915 9328 891 7163 163 3617 1080 
9 5335 4138 1194 3839 5100 695 8166 8392 1001 
11 8338 7014 3532 2268 3052 1766 5755 4336 7128 7017 3872 
8 9890 5890 9075 8918 7529 2573 8503 4891 
12 8175 6897 1707 6341 6396 5050 5515 5455 8222 9990 36 383 
10 8652 268 2075 4561 9513 614 7101 7265 1268 3063 
11 7848 9840 8114 9602 2846 2299 6975 9372 2001 2103 5265 
11 8632 1372 3461 3909 9535 2467 5183 9315 1287 7649 8467 
11 9757 6513 2345 9603 1040 2231 6486 53 8985 8 5395 
10 8955 1449 4736 7299 8140 1370 3759 30 4047 5592 
9 1560 9186 7451 6089 178 6714 1797 7074 2818 
11 3203 8212 533 5442 515 9633 7627 6629 478 9439 3279 
10 1029 1834 3945 2626 6222 9809 5019 1022 9004 5449 
11 7203 8094 9611 4758 2335 4739 6595 1876 593 8424 5542 
11 5771 1784 1275 3856 7112 3440 3525 4771 8777 2200 3745 
11 3817 4677 8007 8364 6756 996 9285 7481 2340 4097 2530 
11 3580 622 1621 5450 3477 1373 8680 1124 8045 8185 6084 
6 9121 266 9641 9425 1488 4483 
10 1974 5254 8869 1638 411 699 4892 592 1517 2671 
10 462 8225 6085 7619 3467 7929 357 721 6090 1207 
10 8102 5751 8564 5425 2156 1814 1895 5980 1141 5697 
11 6125 9628 4020 7967 741 8108 9188 9807 8608 5388 9399 
11 4431 3802 1168 1221 168 665 3938 1096 743 7517 5791 
11 761 8246 2279 2037 3011 4254 8685 7257 8924 3677 7300 
9 4793 8973 6248 6920 2991 3348 4337 9875 7281 
11 200 4657 8420 169 608 1281 2602 939 5125 2094 5775 
11 3220 8987 1106 7823 8834 3701 7055 6997 7001 2437 393 
11 7445 15 9403 6854 3815 4553 5722 8256 1641 2280 5696 
9 1580 6875 7934 4754 2099 3152 8436 879 1052 
10 5615 892 7422 5485 1563 5468 1127 2564 398 4795 
6 1855 1475 52 5611 3175 2709 
11 2008 6872 924 2789 9887 6758 4331 4263 6096 1581 8740 
9 6252 1845 6716 546 4634 5587 2063 7416 4813 
11 3988 610 417 5343 6909 735 2230 3465 1117 5373 5286 
11 6942 8631 5262 6167 8813 6802 7367 4574 7008 6650 925 
10 6695 4109 1785 5243 7076 988 6028 3823 8336 3797 
10 29 3907 717 3319 8646 2861 6459 789 8107 431 
11 4833 2455 3574 5756 3420 5405 5430 9682 4419 1173 8138 
11 9538 293 6033 1485 7047 8376 7197 2101 7495 258 795 
11 6694 6229 3208 2804 7353 6162 4743 855 1928 2750 9606 
10 8588 9463 4394 6642 1383 8068 7069 5298 2823 8371 
7 1273 2963 552 1875 5982 5687 1646 
11 5143 5976 6657 7551 6148 2792 8894 8058 3520 1573 749 
9 9483 8103 1715 4549 5219 1719 8776 7029 1948 
10 7499 5433 5899 3606 8357 7351 9587 6143 6789 9196 
11 6457 3105 7278 8075 8430 4821 9498 5826 5773 79 421 
9 9112 1650 6912 3241 1743 2929 8533 3336 2851 
9 1839 3361 1867 5371 177 1368 5206 3533 1437 
10 4104 8922 8537 5842 2967 2320 8815 6236 616 1825 
11 9133 7208 7629 7830 8418 4332 5110 5715 5170 7667 4622 
11 1697 596 1065 7558 9156 7339 5163 1457 298 8069 926 
9 133 6239 2754 1693 240 5476 8923 294 1938 
8 4959 9089 569 1184 4796 4188 7888 4883 
11 4699 7167 8193 5628 8030 5853 8182 1767 1351 7185 7173 
10 2860 9733 1491 105 8245 2477 3318 1303 5233 2226 
7 9418 7575 2067 2966 1890 4133 8884 
11 6026 4965 9724 6488 1145 8283 2902 7132 1290 1144 9396 
10 530 3036 6523 8099 2706 7608 2852 940 3561 229 
11 2293 4381 1759 9171 2309 7009 223 9664 3452 3094 8669 
11 9969 2542 4014 3967 2199 6731 7577 1084 9900 4459 9849 
11 4491 6504 1777 6814 1232 7370 8387 4748 1544 6211 9172 
11 2234 5808 3029 3057 5451 1420 4718 7324 4633 3415 9488 
11 9815 8396 2497 8339 5016 7240 2183 3113 3853 9796 8866 
11 7287 5291 1214 1607 9052 1166 7365 1180 4701 2627 7035 
11 2399 3730 6761 2125 6025 3284 9916 2473 1903 9178 3664 
11 1299 3166 3896 1417 2560 4166 5774 4900 308 1020 2321 
9 4709 8760 1564 9842 4417 869 2271 4019 9176 
9 871 639 1832 4970 8822 3903 3870 9343 1418 
9 2533 3758 5128 5781 7540 7453 9201 3522 3620 
10 7965 6745 5636 1245 3867 7592 2484 5752 2876 4531 
11 8334 4576 9320 7693 6633 5733 8936 9605 2389 9711 9005 
12 5086 7925 2807 5205 1557 309 4707 6185 861 4010 3631 3863 
10 117 9070 1943 6925 2428 6500 7579 1684 804 13 
9 2181 7397 3827 531 3121 877 7011 4186 7938 
11 6502 753 3437 5222 3947 404 4919 4903 3834 1966 8690 
7 8071 1889 9740 500 4738 2747 3713 
8 2742 2696 8824 6998 4041 5785 6773 5202 
10 8758 4643 4327 1034 944 7881 1395 8369 6782 3517 
11 8459 6410 5866 5760 5710 692 8480 1810 626 8054 8238 
11 6784 3245 8328 4585 386 6097 4256 9438 2012 7051 1139 
11 6822 2474 3049 9078 2535 6126 4480 9982 1820 3543 4424 
10 6202 5453 979 4182 915 8320 3178 2066 6170 9865 
8 9216 8730 633 2154 9260 3979 4311 20 
10 4687 3196 5920 9205 2380 5748 2365 6972 7964 7123 
12 3233 3462 1429 6754 6570 7532 3843 6105 8390 4952 5275 9637 
9 3314 7122 1423 1742 1296 1535 5328 6614 4203 
9 8832 3600 9072 7841 981 5707 7713 7432 3020 
11 1734 1200 6718 9370 5473 7849 4587 2150 8538 3684 8210 
9 6199 415 1973 8446 1714 4101 6709 4791 5819 
11 7662 4787 9456 5725 5360 1489 8961 3247 495 1304 6533 
10 1995 3510 4720 982 4063 10 9825 2148 1400 5002 
11 8447 7477 5375 3673 8416 9107 747 8230 9374 3240 9350 
7 7948 8904 2129 9373 4055 6941 8891 
11 3648 3735 7222 5577 7858 8600 8993 8811 7421 4943 321 
11 8888 9412 2780 7514 145 612 9688 3385 9115 4488 1360 
10 8268 7217 9359 8312 725 4916 4904 5280 8141 7509 
11 2432 7091 3933 185 5682 6455 9130 6823 1205 5431 758 
11 172 3271 4391 708 4168 8522 5797 5660 4522 792 5065 
10 369 4167 1154 5454 8217 935 2878 3825 3981 5147 
11 8737 5341 957 6024 6406 2487 7238 9155 9643 8322 4918 
4 9649 4887 4372 6544 
10 659 9901 970 9271 1918 6688 332 7262 9147 9215 
11 1414 3921 1603 9170 1330 929 9222 1945 5146 9635 5270 
11 6916 2390 280 9264 3326 3394 7440 8697 5869 436 1043 
10 7747 8653 4966 5998 7414 1243 1702 8496 333 4241 
11 5025 128 6699 6609 1045 7786 3231 6837 9174 2770 9753 
10 6255 2250 9645 7525 6284 6352 3419 5330 491 5705 
11 4602 7070 9081 4920 1843 815 1678 4509 1337 1336 2170 
9 1178 9207 547 8442 841 4850 5055 4474 5545 
11 3680 7508 716 276 7646 6395 1481 5841 9759 525 2073 
11 6749 1729 6346 6367 7998 3593 8903 3690 3183 4457 1972 
11 8800 779 7266 5285 511 9795 2694 9762 5667 2943 8057 
9 9710 1246 1531 3073 6643 2501 8725 2396 7450 
11 8024 3913 3851 8077 8317 6900 1596 44 5389 9468 49 
10 5409 4496 6562 213 8977 3250 1633 2508 6499 836 
10 5034 5856 1800 9321 4107 4415 2921 9973 5547 7700 
7 505 1880 8267 9909 9113 9591 4432 
11 6961 9537 8610 3463 7277 7169 3811 9368 1238 3858 6390 
11 8651 5418 5224 1511 118 5703 9149 5807 2647 7469 8363 
10 3055 4742 1250 8644 7482 4682 4731 3505 858 3886 
8 8890 4888 8502 1791 7875 3769 4737 3987 
9 310 5309 2375 8516 2369 3427 6976 1936 3850 
10 9190 2857 6932 5139 1964 7775 4710 5800 2623 1055 
11 5112 8324 4825 8989 1050 3323 4932 8709 4541 2423 8519 
11 7140 1583 2980 6496 2790 8763 3486 8602 2301 7826 8276 
11 222 617 1688 3130 5236 8900 1233 1259 6534 1379 8169 
10 8698 8627 5307 2216 7569 3045 3374 8168 136 1645 
7 9550 5306 6002 364 2685 9677 2152 
8 3937 989 2688 492 4334 148 8535 4348 
7 6361 8505 3202 4822 4000 9590 4269 
5 8773 3537 3482 8563 3110 
10 8314 8679 4130 1051 6641 290 8199 7723 4922 3115 
10 660 9018 3785 3480 7601 9776 6386 4172 914 5599 
10 7479 1441 6956 6201 9270 9422 4362 6127 1148 8490 
11 248 8940 2385 6730 2607 1774 2950 7449 9793 7814 8523 
10 4819 8780 3499 6522 3406 9518 2169 8738 5937 1659 
10 9306 2377 434 1727 9161 5822 5175 5374 3099 2308 
10 5744 6293 6711 9837 1818 5407 2558 535 2481 4116 
11 4024 7243 9557 5116 9580 5443 5555 4688 2286 1764 4129 
9 2559 5695 1027 4902 7887 9964 9822 7423 5051 
12 6930 8033 2526 2674 1162 9352 7026 7099 3004 3658 759 3950 
10 9405 1771 567 7077 591 1219 3263 6820 5685 5412 
9 6649 5757 1537 402 1804 691 6179 1061 366 
10 8292 4842 4667 5507 9452 3106 3102 6817 1131 2358 
10 1627 8970 3030 1460 7764 1308 4780 4533 6214 6573 
11 8040 1873 599 6326 7919 796 2874 8828 3217 5735 7673 
10 7612 7768 2278 3430 4064 3915 5122 5993 6144 2273 
10 7993 9985 1110 4879 5369 5995 7254 4418 420 707 
10 159 5663 2235 2613 3009 8181 3390 1076 3844 4261 
11 554 4815 3666 5133 5795 8428 3034 785 3777 5672 9311 
10 8309 1108 4475 4299 7162 6040 5942 637 9258 3000 
9 5282 3333 3339 6799 7655 1217 9085 3661 26 
8 3384 6190 9462 2179 8974 6841 983 6400 
10 661 8575 5990 9045 7043 2624 8470 7452 6653 9048 
8 7837 5160 282 672 4194 6121 1339 2488 
11 3605 2945 8117 5641 8597 7924 3657 2906 8880 1312 7467 
11 7475 232 3483 2703 4098 7770 2043 2417 9181 6796 8818 
11 7116 9087 4395 893 5540 1723 6861 3401 9873 7776 3087 
8 6765 202 6290 9314 237 7433 8957 2322 
10 6150 1523 2500 882 3038 7063 7658 4408 9692 4901 
11 9179 4270 342 2447 827 5199 903 1017 5422 3860 5798 
9 9864 1402 6764 9160 9894 8349 8825 3977 6775 
7 1030 655 6000 5539 8820 1692 2736 
11 897 1550 5534 9096 4609 7395 1939 2865 8005 5414 5618 
11 8477 6268 2245 9734 3474 4121 7630 3948 7755 1643 3097 
10 104 4960 4083 5235 7546 9836 6047 1183 3567 9126 
10 2538 7246 2726 8796 9729 5472 6332 4964 4341 653 
9 627 497 7004 8794 5107 6882 3086 3604 68 
11 3371 9805 9283 3675 7750 5167 1940 7805 123 5144 8674 
11 6404 6780 8028 6061 2900 3251 4198 2471 5131 2689 4729 
10 7952 3024 6003 4259 6277 8373 5216 8427 5429 4683 
11 1970 1032 8509 3546 4477 4809 7073 9942 9797 9168 480 
10 7442 9466 2052 2327 6672 4173 9079 7797 6702 2821 
11 5421 6992 2720 7041 9491 6890 8744 125 752 8305 3021 
11 5766 3659 9016 9409 3212 4890 4345 4814 5149 9123 4042 
6 7206 9914 2884 243 1730 1230 
11 8530 2045 3308 6655 4866 8933 370 5349 5333 5740 226 
11 6746 5709 9886 2085 1048 5487 5511 1781 1846 3994 9296 
11 3200 4938 9777 5996 2048 8531 1648 930 3744 4936 5588 
11 2920 5557 4594 283 7792 1309 7485 8479 7777 4288 5586 
8 3133 2737 8520 6567 1981 6591 1427 3347 
11 4094 4843 4627 3629 4227 9026 2190 8399 3597 9829 8850 
10 250 6549 1630 4569 1031 9543 5627 7939 1478 3562 
9 4706 6216 1803 3050 5256 1985 3609 4192 5011 
10 8382 5879 4307 9289 2042 94 8929 7426 4697 1731 
10 9267 152 9482 8926 4235 8616 1482 6177 2794 5646 
11 7567 6762 8768 4921 1470 2803 7179 3192 1445 7822 5939 
9 5818 3381 709 5777 9384 3954 7985 2493 2816 
10 4772 4285 8671 2713 3108 9001 5986 675 818 7566 
8 9799 1227 9137 2782 2212 8746 4077 6477 
10 3299 7129 8440 3445 2171 9475 7908 3302 8921 3456 
11 4128 3579 4428 9106 7790 9576 7537 2434 9656 4185 7166 
10 76 802 6734 6444 1235 3660 8579 6589 1798 9898 
10 2222 8209 7935 887 801 6904 6171 2349 7489 471 
9 6110 2233 2641 6781 1961 3218 9693 2443 2604 
10 5049 4099 8551 8583 9883 6584 1008 5989 392 1562 
11 4781 7211 1203 4452 4234 8693 8465 1549 1694 8859 4374 
10 2603 2912 7709 2065 3500 6951 643 4726 5536 8558 
10 11 4033 1860 6566 8347 486 8858 8607 9703 6685 
11 1609 326 9353 5966 3497 9975 3346 9492 5926 6840 8802 
10 506 7916 6987 1132 4201 8639 1514 6626 8944 5857 
8 8615 8585 1348 8177 7581 7740 7241 8171 
