79 466 4032 9307 516 5956 2634 2953 3578 987 6215 9389 6071 7780 1126 4243 1724 8489 5964 283 8982 5629 224 9177 1366 1073 6224 1215 9025 3358 6055 2742 6771 105 2893 921 6492 1743 6002 8101 1939 5173 853 4613 3032 4780 6598 3237 9766 347 772 1357 8342 98 4029 7966 7850 3668 7804 4600 5280 3081 7368 7774 5294 6830 4940 8978 7364 6303 5453 9404 1596 7690 819 7534 8670 2436 9604 7796 
86 3171 167 6284 6595 2135 7163 281 813 7190 39 8680 9658 5028 567 4064 6727 5304 9545 8976 9184 2574 5760 9233 5477 7776 3508 4776 5924 7003 2245 6263 5327 7877 5034 7956 5827 9715 7945 6951 3690 6469 2190 4845 3115 3980 9813 5089 4737 3073 1628 9026 6053 8825 5468 5788 6875 8809 5728 4899 2363 6517 8229 4297 9684 4416 2437 120 9347 5110 1916 4320 1454 5216 9018 3906 2099 4832 7934 5507 1875 6142 2879 1778 2497 1289 4087 
88 7694 9488 6190 6280 7109 8983 477 6509 8273 851 1809 5705 6304 9055 9874 1519 1988 8150 4446 7560 6448 4774 7393 6186 3193 3971 1044 6387 1630 5816 6060 933 9964 1624 9434 5651 7258 1303 6525 2581 3963 3639 2347 9114 8580 4815 2974 9480 4812 9237 4359 7920 3056 5081 1230 5025 668 7064 186 2035 9512 5061 8763 6548 9536 316 5536 7106 1718 6932 4783 9523 5178 1615 5471 9001 1323 5365 2516 3226 1136 5513 7908 5007 6279 4644 722 3227 
84 6428 9696 9236 1285 5298 7309 8143 6635 4219 5910 2401 3090 3348 4694 4076 373 6233 1787 9029 4194 2931 1436 5177 5379 3487 3284 2017 2872 6388 199 1668 1749 2520 5199 7001 6483 2379 7948 3576 8065 7975 3615 6903 4054 361 369 4670 6568 8243 2839 354 6122 4075 4016 9086 7263 160 2871 4731 3687 5665 6751 5158 1594 8174 9074 4959 3045 9113 5391 7839 6524 8891 4735 9164 1079 4821 9481 8265 9784 5065 6246 3143 694 
83 3179 9543 2198 4980 7724 3181 5696 6754 4788 8701 6710 9380 1322 6677 2868 8645 1562 8328 8067 7227 6747 7473 8734 8755 2826 9808 7284 9812 6856 2276 301 5913 3939 4401 8643 2948 4572 861 5874 6555 2362 1684 4706 3473 9716 5602 9578 4022 2690 9214 6689 3282 1859 1019 4287 3263 1180 5337 9514 3750 1497 7508 9642 6981 9342 1254 937 2667 1361 3931 7396 439 6960 2881 8964 3305 7747 8715 3048 5897 5987 7820 5255 
79 1566 8995 1942 4066 3579 6935 450 5206 6699 288 4976 5171 2992 5619 7675 5875 8620 4350 9439 9267 2947 4130 5802 5440 4074 7706 3303 8095 6321 799 7750 5519 7159 9674 650 8901 9763 7888 9706 4085 8217 4253 9405 7403 5242 4404 3483 201 1586 8169 5172 3178 8531 7504 6489 692 8902 8192 1686 8510 6356 2434 8061 749 9423 7726 573 8916 8792 7817 1027 3159 3021 1773 1793 4712 6576 8694 973 
81 3155 7427 2648 3496 6117 8339 2736 4718 1178 4529 7625 5671 9329 5360 7430 425 8036 6296 4758 4882 2689 2960 5084 7405 1557 6976 6256 8384 5330 623 6147 2226 428 2741 7740 5606 4434 5692 7112 9409 2753 8996 8612 6545 6306 588 9893 5986 9726 4846 875 5060 2665 3621 4208 9656 5328 3230 2160 1514 5599 5358 6324 2905 2340 3948 1981 891 2211 7164 4995 9030 3404 3008 8240 5953 8096 4539 470 2254 6148 
74 3353 207 5952 4088 9930 4067 3534 9891 2003 3268 7867 5244 238 5201 2096 9407 5857 4387 4089 7927 8794 9760 2502 3379 5064 5198 5689 2076 4749 639 2837 1783 758 2324 5640 5958 3004 4470 2108 6106 5498 4305 1582 3864 4462 7495 5750 4709 4513 5625 2104 6688 3157 7905 1658 8218 6248 7192 1937 7463 8068 6929 5548 8712 5559 3074 1270 3422 2952 8583 4235 3006 5392 6787 
78 6975 9890 6610 7648 8678 1768 130 1505 5134 5574 1575 9537 2253 7087 7719 3300 8569 8458 8603 6562 6752 4785 4281 5530 8558 1618 1680 1879 5096 9367 4316 6582 7792 1667 920 1721 2899 7588 7099 5577 9875 5131 4704 7433 1729 4043 5203 7469 6199 9686 9972 3994 1337 5981 4721 730 6101 7281 8252 3559 3141 7490 5864 806 8567 6916 4913 9045 9916 4695 9724 4962 4714 7854 2587 8194 9895 6091 
77 45 7662 1788 862 8205 7528 3064 8717 61 8745 9489 3036 629 8368 8389 2310 147 6409 1433 9919 6690 1620 8182 1545 972 6893 1317 1698 5974 4985 3817 8437 2413 5830 7739 2004 8221 254 514 7363 3747 7189 4207 6180 2366 6957 6880 9000 8016 1432 8054 6297 7 372 29 8557 6109 6281 8160 4848 2498 8749 415 2398 24 65 491 6762 1184 2267 145 3913 1522 9192 2582 8392 6906 
77 7006 5798 1752 3911 7689 2069 8699 3260 5598 2201 6007 1373 2137 9975 3318 1821 795 3556 8442 3784 6230 9986 7105 8289 3234 1020 7484 9311 92 115 5289 8341 2683 1771 984 3974 4180 5132 9935 6072 4365 8495 5458 8401 2333 3928 4118 6528 7266 1008 4451 1041 770 4173 9193 7799 8556 5141 5922 8716 9602 547 634 1277 121 8117 172 240 8077 6442 8928 7470 341 6656 447 7775 2388 
75 9475 701 4759 4397 8781 2524 9797 9459 9416 2085 7890 5896 9462 1525 3335 550 9121 7840 9107 7142 9848 8728 5496 718 5297 3315 7122 4823 292 2923 8721 4448 1706 1046 5443 9185 7700 99 7499 3884 7681 3287 5672 8171 8459 7963 4837 329 6127 5363 5893 1513 6834 880 876 4176 7665 8126 8388 7705 6040 6153 5402 5526 1022 6972 3652 1369 5618 8945 696 511 9802 3952 3767 
75 4753 9321 4398 5846 3765 5511 5815 3302 6504 949 7185 91 8277 5739 1257 4472 902 2415 4566 8463 4465 5490 290 9973 5429 1723 4687 1643 189 9250 7056 1142 863 5118 8560 1382 6508 2967 5746 7033 8029 1050 3754 3089 7273 1426 1510 5605 4663 1649 5697 4013 7818 988 4362 5677 4746 7972 5344 9828 4517 8596 8376 4354 9563 6189 3274 2616 9403 6587 3038 4256 2936 7887 9138 
74 7782 1141 570 1831 4805 6046 8027 5942 3536 8625 4476 1390 1659 9504 690 3741 4639 3420 2068 9310 51 2207 7745 1971 4732 8623 9332 2122 2052 9628 8536 1102 8140 8942 611 1413 604 2387 9011 5731 7795 4750 1845 3327 7510 3475 8704 7497 9744 1155 8354 7716 8408 8635 9402 5575 8852 6713 4407 2559 8708 2093 6920 7858 9579 7261 8484 9109 6663 9555 4419 3531 9770 2451 
77 4467 7735 1359 3632 6729 4259 1196 7151 676 460 4018 4082 9708 4514 7412 8957 7317 6329 5769 1064 9634 5012 6586 204 6997 1082 1852 2651 4601 4583 2943 5905 1135 8332 4851 2632 3942 9359 8133 7557 2231 1611 14 7808 5246 6963 4609 2700 4541 5415 9801 7226 8208 2127 2222 8719 1324 8451 3613 9950 7440 7220 4222 8203 652 127 9788 3734 166 2291 7270 8771 5877 3829 5044 411 7414 
71 2038 2414 9446 6959 1437 5545 4415 5209 3009 1644 8464 3367 7957 3412 73 2337 3513 8005 420 1299 1767 5401 6572 392 9363 5781 5350 7466 3131 9792 6882 909 7146 4343 4288 1535 4836 2492 3638 3252 3184 595 8321 7506 1945 5444 1379 7646 6984 5087 6858 3294 4741 8202 783 2405 3424 3355 5918 9947 1634 7729 8317 6094 4526 3106 9349 3540 9163 8114 6216 
71 3440 8346 1204 5388 4878 854 1608 4937 2049 7516 6563 3151 883 3347 2021 8494 2644 9835 4726 3037 7037 4885 3670 1292 2120 394 384 9780 8931 6082 9739 58 4925 9299 5880 4340 4488 7365 1 905 1710 8210 8336 8379 5620 6691 9102 3395 136 9859 4744 8323 5234 6840 8788 8058 857 4798 7617 4381 4840 3092 2189 3218 9731 3366 3901 869 4871 2678 2103 
74 3581 4801 8434 8850 3149 476 6600 3698 8204 6756 3225 3205 320 930 6452 3243 745 8262 8876 6473 1118 4691 4047 9281 9093 1269 997 8938 9279 9057 781 1091 855 5817 998 3401 4276 4902 7630 8200 6521 7437 3650 5187 8703 1645 5421 244 4301 7954 9313 8173 6031 3658 9004 2177 9181 1031 4510 3438 8893 3779 575 7413 2544 8501 5712 5621 9786 3870 6942 3071 5193 7649 
69 156 9435 5030 94 5245 8399 1909 3322 5387 7603 3851 2053 6123 6262 80 7993 4975 4828 3528 9870 715 5384 8153 2183 8808 2760 4168 76 6927 1742 6601 1034 7242 2235 1392 270 3960 2631 9598 3571 2898 6649 8380 2787 9843 9345 4781 9399 2529 1438 8280 7224 6254 9318 1974 6631 8032 640 344 4271 9244 4619 852 6496 2431 3080 9607 6625 2288 
68 2717 7256 5703 90 2916 5031 8134 7060 1049 5151 8575 8250 4393 8991 5863 8737 3984 6419 1603 8687 3158 9885 4929 472 5121 3743 4002 6310 2897 8482 5691 9334 7656 6904 1171 8223 4596 2206 193 3261 6758 9896 7959 2259 104 7874 7067 3626 7827 2605 9652 1479 197 4061 8823 2618 7711 8081 4412 1943 2329 9100 9358 870 8768 3529 9932 9346 
69 3363 9601 7047 4766 2874 8829 2205 3903 289 8266 5126 9454 9937 8911 4229 4577 4950 1609 4017 9274 9690 7243 2835 5292 8350 5018 2148 1489 4376 858 8124 4918 5015 210 4779 7757 1341 2475 1047 1720 9016 1332 7169 2173 9316 7350 3521 1153 7687 2566 7306 6801 3219 455 6076 9978 9953 9082 8660 638 7090 8305 5780 6235 8548 2968 8816 7911 4347 
67 820 5233 1415 3681 457 7026 2239 3139 4096 9133 9856 7356 3069 1549 7680 9339 2028 8238 8511 1349 9127 1419 1908 5811 3058 7007 3695 4658 4092 5306 4546 6399 7702 9400 9424 6624 3677 7622 8370 3408 335 7783 923 4357 122 761 4142 520 8181 3564 8127 2356 4150 737 8542 859 4337 8782 6203 5593 8743 6881 371 1559 6898 3808 6202 
69 5254 8057 2090 9992 1691 4944 1835 5456 357 9027 2775 7621 6854 2301 1242 685 9943 4457 194 5382 9889 5070 168 2389 4223 334 9089 7785 8832 9365 4179 628 3393 5356 9325 3250 6807 7271 7196 6170 299 4557 180 9396 6777 9530 6558 6107 2159 6391 3542 6290 4326 9667 1957 3406 581 1975 2275 5928 7435 3589 5698 7174 6955 4063 5269 5107 3399 
68 6042 8039 2563 9695 4543 5503 5934 9940 5675 1100 7116 879 6554 8532 6105 8178 8541 3785 1306 1802 5074 5142 2955 7928 3407 2998 1919 8661 5611 9458 9256 6044 5191 3657 3068 7079 318 2327 6853 3485 9730 3751 5164 2131 7333 6067 6158 6273 8508 8818 9608 8739 8485 6022 7551 6086 2927 7746 9517 2942 7029 9968 8774 1851 2585 3530 3570 3595 
71 2156 8709 3832 3720 5889 8415 8026 7969 9699 5461 5658 4413 8904 6718 7974 5969 1160 9183 7916 4831 8793 409 2318 9970 6357 6860 8877 116 9809 4425 527 5993 1418 6996 3723 2326 3389 1517 6802 1057 5013 7210 2047 2596 6394 8300 8161 2575 4537 9048 1857 7017 9433 4209 1375 3729 3510 9069 9285 5430 3717 8880 1385 6029 8374 5717 4540 9782 9799 5638 9600 
65 4119 3233 9635 3899 3460 6925 9385 4126 8282 7572 3118 571 9467 6295 5861 5759 6615 3654 358 8486 5793 8655 1435 1000 4914 8899 3975 7459 9010 2006 3684 6836 8990 3463 3013 8529 7314 1780 716 5853 100 4203 4225 4220 4445 6852 9722 4971 3947 8606 3498 442 5521 3796 8018 9143 4811 3979 3467 8298 6626 6680 1235 4901 969 
66 526 5500 8835 9366 7235 8851 8513 1822 6005 8549 9777 5144 9242 4231 15 6057 1174 4003 3429 8441 6847 2989 7268 3850 2050 6145 322 916 7340 339 1621 2165 9421 8139 4167 8867 2951 8973 5393 2420 260 1733 864 4554 7198 5165 6372 9938 7736 2856 5085 4908 2360 7524 3450 1576 5813 2501 3421 6722 9829 9152 1551 4418 5320 8799 
69 4960 9049 2996 1038 6671 7096 2442 5237 7442 2940 3764 7416 2168 5525 8958 1639 5435 9461 2679 9733 1081 266 5407 1683 3336 7939 8538 3415 4565 5137 3174 9618 7088 4602 2549 278 7853 1416 3961 2466 812 9195 6775 4770 2172 3466 4863 7786 7254 707 8690 7451 1501 3112 9022 6408 6661 1682 4105 6308 7152 7951 287 3826 4135 8619 2810 1637 6575 
66 5919 8849 5008 625 4701 552 3312 8324 8327 1422 8910 8697 6816 6359 5901 9494 8913 7316 9798 6188 4997 4021 6666 3228 9750 5699 2116 5106 6811 1176 3003 1467 805 2800 6962 3470 2445 3567 1195 9046 7848 3602 4399 4475 7141 4928 7599 6349 3809 8600 6455 7204 9331 1183 3838 235 5527 6222 6490 4827 5092 3474 5789 9697 2623 7917 
69 6507 2711 596 5241 563 1140 4436 2304 8950 6275 5416 8615 6868 1604 3486 2748 365 8488 2266 9725 1304 8398 2511 644 3863 3055 5404 798 5249 2262 7150 3061 1719 7102 7124 6644 7206 744 1950 9169 248 7628 5841 7447 8312 8705 9105 4675 5753 137 9657 3022 3002 5305 37 8695 8343 5985 2866 8979 1655 1446 561 5374 3857 1399 2956 8395 2084 
63 7674 6197 7642 7639 523 4458 3283 1756 4252 9772 4553 5797 1131 3489 5512 3439 9994 2303 5509 5238 5425 3545 391 6252 1003 7237 1701 9287 9552 2225 1494 9326 9570 86 7898 9140 6884 7591 3276 3052 9746 9005 1850 5656 3627 7269 2454 7666 8104 1500 4681 8522 1287 8197 3760 2105 9991 5970 7194 7399 8314 849 4329 
64 6430 7229 3209 804 7175 5595 3844 9621 5086 8949 422 6313 4175 6485 1414 4302 9477 9585 4273 3604 4306 4500 8874 1647 1460 7522 310 8752 249 6646 844 2615 5565 4328 3927 9066 6146 2910 5123 2625 2029 7825 6054 7182 8405 4536 9364 1546 3977 1811 735 2990 9524 3943 2938 2779 7156 4461 2467 4897 9431 1868 7577 6627 
66 3016 6392 7313 7855 3991 3258 5908 7752 9224 5949 6411 2519 5166 8634 2920 9356 5596 2908 8000 1810 5168 3565 4204 5856 4564 7068 4952 1695 1972 4423 4218 922 4598 9381 9668 3605 9734 5056 8498 4740 5252 538 6967 1591 5799 246 727 6514 2824 6848 5217 6702 8929 9819 79 8846 4688 3601 5032 2999 4998 7654 7049 9556 6632 3082 
64 5832 9360 7918 1424 5069 4238 4169 2399 667 7020 2768 4165 1264 5022 4030 7349 9223 5446 2238 2846 1610 1849 3388 6531 3553 3484 67 2404 6178 522 8886 6176 9261 1170 533 2485 8847 3869 9981 5331 8107 7127 4162 6958 4911 672 9088 1463 4528 2621 8287 9623 5300 6141 9065 6325 9912 4268 3985 1727 9841 6952 7134 63 
64 2870 4852 3902 3665 128 7871 5197 271 8875 3682 2140 7575 9752 7436 7296 1412 4486 662 1735 1792 7135 6472 1039 5309 6672 5501 7766 2808 2825 4930 782 7118 5135 1353 8378 297 2300 756 1156 8757 1231 1291 6604 3976 1569 7446 2932 118 4961 6316 2862 1815 6181 6532 8554 7807 1115 8682 6755 7805 4923 1738 277 6405 
64 719 3104 8372 7901 6796 9336 1805 1631 7728 5916 8968 8439 792 5167 8553 4444 4358 5163 4174 2601 8588 8493 1207 8358 7811 6183 359 3147 1929 6137 4813 7130 3641 9757 6594 386 7103 2164 8259 8420 3357 2460 9162 1252 7255 7444 346 9369 9108 6782 4039 1266 2248 3909 4224 1263 9094 7123 7926 824 4111 6596 4964 7527 
63 7849 7914 1660 9157 4568 9075 7147 1681 5693 1152 9590 8831 4640 5900 2138 2359 1167 4348 3156 4792 5119 2132 8477 9562 8131 8214 1933 5441 6581 7429 1321 8509 3317 7167 3211 367 4538 6698 4240 1346 3088 398 483 2827 1157 9028 4102 5544 6196 9063 4463 7520 5232 9170 2505 8776 7214 2119 4585 8412 3188 9204 960 
59 327 8299 8472 4634 314 8592 5865 8778 158 7845 7769 6634 6795 236 9451 9220 1411 1045 6609 5568 532 5133 7983 8369 2412 8371 412 9216 3094 3543 2811 9729 5346 1122 2757 5464 325 2299 8086 4606 2449 3600 3964 2628 2002 142 9176 7048 1978 7930 6637 3663 7741 9003 2493 5779 7165 6301 2894 
64 2584 9714 7760 2713 3247 910 2858 7864 4311 9123 2914 1123 5724 8897 590 7117 7944 2247 9231 9675 9126 2286 1256 1837 2178 6780 300 8605 9414 7587 4862 3896 3978 4471 8475 7200 6518 912 5573 985 500 3773 2750 6383 9142 5743 6645 4324 7339 8308 5408 3841 3859 4646 4984 5215 9080 7789 8037 3062 8479 5561 8465 2107 
63 1826 5465 4260 9136 2152 6864 5129 170 4917 5829 1487 1165 7605 8093 3479 93 2313 3648 177 5277 3813 2799 2078 8391 4696 4136 403 6206 6993 9455 337 2032 8175 6166 4051 9518 9985 7879 8291 8473 3539 7083 6243 3900 1090 5933 293 4427 7480 828 7754 7376 5560 2533 2357 8011 2572 9748 4890 6542 503 7063 9212 
61 2995 660 839 766 498 2614 9612 6983 3953 1229 4192 7176 7327 8756 311 3904 8001 4579 3144 5222 7816 6918 7767 1889 7377 5488 865 4199 3446 2278 9207 1598 2364 3418 6124 7737 1910 7635 2473 6896 2543 5891 5807 8059 1953 8449 3163 464 9759 9023 8637 9293 1464 8582 467 8585 6269 2249 6730 531 8311 
63 9191 3875 2823 8152 8657 5475 4091 3201 6889 4710 3442 8766 8046 2840 7910 6128 3281 2728 4083 9420 7209 5906 6185 7925 4921 5442 3456 3685 2589 2204 6544 2193 6841 9666 8537 8333 9897 5001 762 3569 776 1234 7624 154 9275 6023 5321 5414 6536 9550 5776 4468 149 2691 4411 4680 8953 1071 5317 3957 7568 5674 6479 
61 4891 6845 2550 3210 89 3501 2526 9836 6444 2346 3391 8681 2058 4597 9648 5587 2738 4251 2525 4647 7409 1516 753 9983 3563 7838 6337 406 3807 6298 3889 8031 7431 9453 5150 8767 913 7208 8069 8608 1823 6641 6870 296 4449 8430 6420 7073 826 8985 8533 3196 2709 41 8164 4384 3962 3758 5002 9768 5486 
62 7937 4760 9814 5837 5771 7793 8073 6474 3259 6410 6255 4495 7259 9915 7201 513 1245 9762 4134 9415 6675 3608 525 8862 1867 9218 8335 8601 1144 2939 4011 4351 5447 492 9021 5594 1977 8056 9647 1265 1006 7669 959 3935 8382 8357 1274 7892 7461 1790 2732 6077 2844 4973 6921 9869 321 5489 126 5851 2494 4659 
59 1813 1377 405 6294 2228 874 6363 2186 1241 1055 7149 7777 5772 5784 2680 9178 9260 4588 8123 7709 5514 3298 5124 4689 9876 6418 3828 6350 2043 5505 4230 3822 1931 2660 4654 8367 438 6417 4842 3245 3097 9137 7895 708 9691 898 5039 1305 7119 517 4947 4352 2807 8402 5050 3918 6647 9941 6422 
57 4830 2378 1191 612 7014 5886 2876 7232 5258 8966 208 7607 1794 1689 9546 2771 8211 252 3167 9153 59 2629 9857 7941 5770 225 6665 8038 1146 4761 3786 5622 7221 1225 7994 9017 8233 5623 6608 317 1979 7933 2875 8962 9198 2796 6534 4895 2094 8918 3719 8105 7997 4097 1791 4978 1199 
58 4611 8267 1512 5324 1746 26 3582 2747 7279 1961 6481 9241 7022 7061 6393 2917 9425 3215 1307 5175 8325 2011 6590 1069 3454 6510 3926 6908 989 3137 4414 2283 1536 6714 6940 3596 5385 6839 1116 4405 3342 4920 7434 8344 5649 3426 8188 2491 1538 5926 9586 4762 637 578 7593 1665 4915 6172 
57 395 1764 9589 6200 5653 6664 6092 3462 3177 2352 5348 8970 6731 3573 5850 6522 2562 1326 4163 8677 7614 8213 7802 1206 228 4215 3812 8148 5220 9547 1054 8461 8034 1581 7241 6343 1949 9597 7821 7565 7303 2461 4755 7987 3699 3527 2638 1281 2537 5633 2345 2789 6633 2925 1503 2217 9418 
56 1109 4804 352 9868 1247 8870 4327 1558 404 1025 9790 2024 5714 7065 9753 1707 6547 5189 620 3637 5659 4782 6191 8824 3635 3798 4081 4090 5006 2220 8597 6438 6396 2309 1973 2754 2271 1388 1043 8301 458 9206 5710 5715 5180 8648 4664 7647 4682 5257 7002 936 9918 655 9354 3810 
59 2851 3551 1925 3827 4794 702 8118 540 2051 4050 7180 8584 5051 5682 8718 4692 0 901 1759 9554 8700 3277 4374 2030 3431 5803 6763 7025 5075 9430 8650 6629 3129 6075 5982 5810 6628 6724 3549 2073 1075 8930 1284 5271 1699 8888 5792 9036 5286 2991 2095 1227 617 9064 6266 1928 2809 7756 7540 
58 3636 4574 9791 2785 9592 9956 5263 5349 1441 9515 1151 5670 1904 4969 7513 4880 4630 5838 363 7670 4665 38 9012 7771 2382 7157 2743 8925 1963 2060 3674 9681 5026 7943 4310 6946 6913 4649 1757 2458 4245 3966 1078 1687 7445 3478 441 88 7791 9987 2571 6495 3168 8574 2786 9827 7688 5666 
57 8141 750 23 7343 4060 528 9732 9816 2141 2343 8834 1004 7800 8274 9395 313 6436 1423 9654 7336 8191 1548 778 9694 1642 2686 8334 3152 4633 30 1781 4072 7550 7640 5099 7578 1334 2272 1814 7085 1475 8738 4283 2619 5140 9977 6769 9894 9713 6704 1820 2907 6435 6038 5991 6511 5738 
60 3756 4949 8595 8383 6857 429 7351 1860 2971 3410 8663 6766 4887 8526 8993 4478 7374 9531 5023 7062 7305 7039 560 4290 140 5504 1796 3700 2903 9923 8621 815 2979 5394 8671 4778 8226 992 9511 1970 9920 2486 3768 5339 3221 8014 8905 3374 2109 5795 4450 2478 6660 103 5609 3840 1533 9015 6413 1635 
59 7633 5645 6597 6980 4808 4773 8503 3811 780 3 8237 908 8711 6538 2289 7330 2654 5183 4031 6708 1226 7071 1182 9370 5200 6721 5782 9344 5152 9290 48 6282 4023 1906 842 8155 2229 9473 3788 9429 847 9226 6642 6047 5518 2503 5765 7457 4702 253 2308 7738 2088 7900 8744 4956 1993 7652 2423 
57 4523 1769 7132 1824 5532 7569 3575 8540 6177 3396 6351 6322 2608 2677 9583 499 4394 4545 5355 1248 1301 3402 9526 2325 8815 9228 8035 1490 6006 9712 379 3400 4027 7231 1336 755 6678 9867 370 9125 6733 6131 364 284 9849 2282 6260 251 717 1428 5747 5591 8070 4556 2016 1990 2994 
57 8097 7148 8961 8543 1816 5476 5855 4 7790 1913 3804 5706 704 8572 1888 9619 2281 7661 9270 3362 6715 2260 2397 8552 1934 2900 3584 6129 2645 5067 9616 7626 1632 7999 7181 6120 4508 6193 3924 1026 3725 7814 1663 50 9306 8838 4319 9124 7332 8241 8895 5491 1327 1678 9410 2719 7502 
51 4071 6001 5097 6245 7244 6250 4926 1175 8471 6912 1898 1238 5639 8641 5090 4864 9376 8055 8617 7195 5791 3839 2759 4578 1308 6338 9823 2419 2312 7570 6288 8947 8785 9298 7657 9132 8806 4651 8633 8302 3661 2214 1333 4380 9765 7843 7537 1739 1690 2791 4188 
56 8502 27 8561 1067 5898 1442 9984 9520 3518 931 215 2499 3619 9961 3079 4048 5159 4079 8689 6238 9728 4990 2044 8337 2019 3568 6591 2187 3499 4149 3067 9676 8720 3031 6939 5927 8230 2580 6934 5684 9013 6636 1110 8433 2626 2197 2567 8244 9710 5787 6371 8387 6561 7655 496 6207 
56 3860 3815 7030 8386 6890 1924 3350 7650 6113 8074 760 5368 3297 8022 1541 3103 3078 4542 576 3925 161 3434 2946 5818 564 9769 9501 5426 6692 5804 5758 4883 1828 6326 8827 2128 829 759 3365 1902 4234 6194 6467 1331 9905 809 3727 8736 480 2523 1891 3956 6546 5473 5273 519 
55 5057 666 3628 7031 9378 9817 3694 9384 4123 7519 4636 8500 2298 484 5315 6793 7415 991 9529 3313 4140 6552 1371 4295 2416 3730 9595 7586 6398 1832 8519 4496 9567 5688 3162 801 5563 7160 3296 1018 1570 4484 2483 3910 1728 9277 7154 7521 4580 953 6404 7474 75 3107 7207 
56 6424 4077 688 2554 69 8431 3763 5207 2930 5680 163 1076 7347 6622 3520 8723 200 9149 4262 5879 7472 5083 545 6115 123 8686 9845 6892 6772 4477 1272 3325 2462 6938 1619 5357 6476 8496 3397 4216 6579 1703 5932 752 9291 113 2257 4666 6784 2828 7089 7921 6498 4690 3375 7234 
56 4447 2652 8730 6687 1531 2573 2293 8890 291 7667 4093 8320 9665 939 7028 3182 7693 1725 3989 4520 1986 8505 9497 7873 7300 3435 5909 4986 9824 4549 938 7673 649 5239 5236 2133 5038 7357 72 1901 7548 8209 757 9348 6 8527 3208 9542 2203 9422 3958 8959 8062 5418 1911 1445 
56 9858 724 7566 2000 915 8797 7384 896 9640 5251 9096 4015 5556 9315 2674 4524 6550 6944 5369 5055 4958 4833 9908 2857 7072 1262 6809 1358 8051 4157 7126 7013 64 4033 444 6285 9614 9266 7762 5047 5676 2471 3673 1108 4265 6569 4631 6943 4346 8658 3451 3083 9388 6149 711 5211 
55 4473 6557 9443 3235 5608 256 5537 1560 5968 5308 375 3541 1657 4282 4055 1368 2624 1121 7875 1259 6069 2610 4720 9051 6368 7712 7962 1661 5540 9483 7564 505 9596 8425 1502 9521 7070 9663 1722 9603 3538 7465 614 8576 7052 8779 5711 2311 5285 1105 4548 7772 966 1212 1651 
56 152 6891 5557 7946 446 3385 3126 3898 5448 2358 2375 5312 6584 2950 6084 9006 1083 2457 9412 3892 3955 8907 3416 5890 2790 6114 6291 3740 9122 7385 4570 5642 5463 4991 5288 8869 2733 9271 6605 7034 366 206 5814 4342 374 5660 9034 8731 677 3173 8487 3101 5481 9343 1397 6090 
54 2805 1587 2836 6668 9441 7015 5156 5881 2640 8234 7485 8072 8791 8050 5223 107 6277 4325 2522 8889 6914 9651 1650 6434 8666 2675 3220 3894 3175 6365 5971 9295 3253 1033 5778 3566 7372 6529 7420 4912 8427 7452 2865 1443 4733 6667 8043 6059 6377 2067 1991 9847 4747 4576 
53 175 1466 1568 8948 7698 6151 1407 4455 5940 5945 2873 6519 8285 185 1882 9084 5523 5843 7032 3273 3721 6585 9249 709 8020 5716 5833 7307 9091 6100 388 8707 4453 7023 8839 5722 9840 1381 7092 4000 7902 7523 6136 3614 1378 621 427 2776 4954 9580 7362 4605 1648 
53 3766 7720 2297 227 7358 2482 3914 3867 7367 6211 1236 1300 9864 8518 8349 1354 3606 5036 8943 9952 6318 3392 1585 8278 9464 6716 6450 1451 7882 7248 6119 2181 6083 6965 2726 9965 9644 7571 2377 3133 6477 9879 8045 2264 6431 6717 426 8272 5678 6737 4037 7722 1363 
53 934 7222 7704 4757 416 1590 1700 9636 4391 3292 221 7299 2762 4117 2175 3724 5045 2055 4443 7108 2124 5834 2977 7344 9008 6945 1530 8610 1161 635 9560 884 4742 1741 4826 3414 5179 6219 3862 5888 2669 6139 4155 4705 7544 6159 6673 7837 2969 2456 8470 3642 6588 
51 586 8246 9257 4503 5973 2963 5247 9039 1267 5181 8765 6341 6859 319 4315 584 7419 5550 2646 8859 521 7059 6187 5162 7884 918 8762 8288 1654 3594 9653 5003 6487 3029 1748 8397 5607 2455 1162 4979 2545 4907 7517 396 6867 4518 368 2850 1298 212 8629 
54 957 4661 7297 7979 2365 3921 2933 4186 5226 6681 294 2101 6990 9456 174 5301 5146 3532 5035 8224 1228 2040 2761 6873 6429 8796 1885 2171 4838 9617 211 8313 9553 5098 4261 7964 165 7137 5995 6370 5785 1527 2046 1374 3936 6654 641 8236 9767 6264 4625 233 1508 9577 
53 2672 2091 4392 9727 6623 6382 5460 9019 2664 309 3411 1740 7239 7872 209 7541 7755 7291 1290 8894 4497 9993 9187 2576 8864 4098 729 6786 5627 1848 5484 2488 599 6526 4595 9171 9062 2102 1107 8951 6986 4270 9020 7411 5907 5809 4683 7852 6843 4963 9860 9982 7264 
53 5482 9211 9718 4996 6928 961 598 1053 9980 6242 7865 2642 9203 9495 1839 6210 3603 546 4857 5647 7432 8145 6915 7589 7663 6426 8630 4700 5755 7829 7236 2806 9156 4187 326 4894 4854 6700 4154 9834 963 114 4336 1714 1812 9041 6988 2959 2371 1697 9544 202 4361 
52 671 2202 1275 1060 8710 6258 7894 653 4629 4677 784 2710 4953 9898 1730 9442 8483 2513 6954 7906 7282 8639 5427 4368 693 6998 1224 3344 324 2411 4893 3776 7632 2723 2997 3666 3270 9319 9374 1782 699 5624 9032 7730 6013 2911 3030 9904 1345 9188 4635 7341 
53 1579 3198 7574 2599 659 3735 9702 952 6869 4530 7381 4858 6902 6212 1193 7660 1098 597 9375 5192 1524 9372 6878 1829 9043 2730 4424 7310 4522 8028 4946 7093 631 1806 5103 3967 9386 9574 2240 7594 5091 2294 1583 3098 2976 12 453 796 1550 836 946 5988 3116 
49 1577 8545 3505 9227 9756 7394 1278 8872 1760 6844 6746 7751 134 190 789 8042 8944 5059 8573 9833 5661 831 6362 9060 9232 2970 4321 4653 1246 6307 2045 1216 4853 5920 8457 5866 3726 3861 2729 1786 1449 7991 7631 6271 9866 5635 7178 9558 5885 
55 3709 5535 3361 9361 5153 108 5999 2350 706 1239 2166 4627 703 9350 2531 2331 5700 5322 1872 7955 3825 1708 868 3846 6449 2066 568 3616 382 5825 2714 6695 9426 9509 5419 4618 3222 8303 9532 8570 1605 4849 5319 8772 4108 8955 2627 9687 8165 9071 6240 9838 4364 8909 592 
52 1472 3240 9538 9117 9942 3919 9128 3172 1124 4250 7144 7086 5744 3033 8812 848 1692 219 6364 9087 8878 1754 9278 683 6182 512 713 5842 4373 7129 6788 6527 7710 1625 4987 8525 1755 7686 8136 9472 9661 932 6887 9633 1800 3120 8228 1473 1484 5042 977 697 
50 7138 8099 929 4338 3620 8624 1417 1059 5102 6464 7286 132 8581 7369 7401 2595 4641 323 5749 7328 5854 6352 2354 1894 5270 9264 7172 6403 6861 2111 6760 9174 6336 8113 348 944 728 3509 6679 7197 8706 4042 2721 6828 5845 624 9643 3285 6121 2149 
52 6423 5552 9213 7487 8927 544 3417 6910 5883 9629 3091 4298 9235 4205 8040 4363 431 5366 7131 5533 6486 5093 2348 274 4059 9196 8550 2125 222 9070 5628 2246 9911 2662 5469 3093 3738 5961 5243 6723 7619 2612 8247 3940 4615 8941 9398 3138 2386 4767 7460 7162 
50 2146 7382 9031 1364 7496 4650 4607 9899 721 8651 3667 8754 43 4158 6162 9327 7847 3280 3146 1002 5998 954 7104 751 7515 7493 234 1456 2407 4056 2344 148 7685 5616 5283 6886 7113 8922 8789 6799 2926 3946 2731 2749 2487 5736 3381 5284 3876 4131 
53 3387 2086 2583 6931 9804 6936 5472 9606 3954 2906 304 3238 8111 2429 9182 5105 230 8528 8476 9056 9035 54 642 7308 3806 6757 982 2739 3662 5643 6376 3204 9779 9758 2639 8795 176 1355 9493 3165 1827 4036 8647 3706 2393 1393 9148 556 7371 5960 7294 6806 5644 
50 5046 2163 7606 5756 2890 4535 3005 7986 1737 9907 791 5925 7592 7111 2009 6523 4028 5584 6648 4127 9677 710 603 9355 6540 2130 7758 1565 904 263 1940 1803 2453 6333 2023 28 8071 7659 8965 7019 1543 6783 9320 940 8290 3024 9296 2901 7886 2338 
52 13 1348 994 4796 8969 7929 6493 7323 3331 7679 9147 489 7054 2744 1777 9289 437 1679 9842 1395 84 8222 1544 2465 4045 4603 4120 981 7778 3837 9776 2425 8138 7507 5094 9711 6662 3087 1202 1086 9508 5342 2962 5466 4291 3993 1295 4257 2481 825 7315 2611 
52 7324 6152 4797 2244 273 2755 2126 4084 919 3881 7406 572 4642 5457 8249 9976 7824 2643 4822 2647 4101 5405 5080 2082 6111 4421 9098 7763 4693 8773 6768 2684 6792 3945 4439 3189 7971 8275 9503 8742 7287 1685 4360 731 2514 3161 7841 4422 3580 6480 5033 9741 
51 9988 3075 4303 2649 1021 1205 1520 2218 3702 1203 7203 9989 4487 2541 6740 5434 7097 3546 741 4456 8435 331 8094 2724 2682 1664 153 8780 955 2224 8119 3376 9432 9144 3017 3012 3965 129 2284 5709 7595 1869 1580 651 7280 8750 1946 7978 8631 6173 3517 
51 9180 138 4671 5049 2005 4068 684 6995 6822 2339 1865 1440 1932 8076 2722 615 5821 569 203 7352 2887 8604 2316 1483 7844 8422 5732 9297 7558 803 9624 536 5630 6270 8692 1296 5892 3070 2302 6293 8836 3493 8803 6533 1601 3816 8539 1954 6732 2155 3818 
49 1572 4581 7781 9747 5938 3519 7191 4286 5182 4314 3722 2295 4795 1836 2961 5570 6385 6225 4293 2539 2188 6213 55 2973 4371 9217 8759 6991 6223 834 2975 8396 2022 9901 7170 8340 9373 6080 11 5380 714 5386 5937 8060 8270 3769 8898 1099 1154 
52 962 1833 275 9447 5583 1983 3618 1499 2555 1462 4309 6427 6703 3100 3427 9254 6236 4124 1218 1622 2924 2859 8722 3314 5450 4743 3514 1552 6706 3886 5493 6195 4645 5186 3371 2208 342 2958 8923 3309 9205 4267 9637 1347 7542 1316 3345 2444 7187 9882 1177 1921 
49 9111 1539 816 7695 1491 1670 7458 4715 4144 9115 9549 971 6267 1253 3711 1883 3176 4241 4519 9092 5347 3368 8015 958 8860 4139 8158 9513 2945 8116 8444 7961 9944 8524 658 6825 6342 2978 5016 3588 8810 7518 6358 7861 2400 6947 8351 9255 7326 
50 3025 3704 5336 6497 4951 4769 3560 6283 6292 4697 9165 9229 7441 5376 3912 135 8912 7812 3110 7935 8821 2699 2877 2833 8066 3271 7184 5095 3043 2821 8921 8684 8997 1696 9807 7193 9639 543 9225 6335 2383 9576 1518 8559 860 9383 5372 4502 7555 9969 
48 1999 3492 1387 3856 5740 5345 1675 1597 338 8421 4722 9939 6274 2161 3340 4388 332 7407 7009 7288 3488 5073 3269 4128 5786 1114 4378 3552 8186 6050 2521 3761 6064 2515 3933 8998 4409 4210 2063 1470 9112 6745 7968 4274 7938 8167 1864 6441 
48 8858 482 7511 5041 6819 9884 1016 82 5860 4104 4307 9660 7748 1089 7525 2935 5597 1168 8189 6024 4160 5048 1892 8926 4855 1606 6432 7932 8702 6494 5338 1984 8212 3736 410 5250 9789 6899 9221 8110 8935 9613 3072 2829 788 5930 3554 5823 
48 5014 8364 9826 810 736 1862 4156 5313 9263 9678 7878 7891 8646 4385 3675 6872 9173 8769 1319 5600 2685 2464 5230 1886 3891 4534 1640 5773 226 3248 1164 7904 9305 155 4816 9450 7967 2964 8994 3214 6360 7107 6823 3202 4345 2296 3634 6491 
50 8598 8085 9740 9850 6482 9522 2395 3275 5868 8992 5424 3040 7489 4396 926 4521 9317 4178 2373 7672 1405 5664 4420 5373 5409 4317 4492 9276 101 6400 8023 1656 6964 549 4211 1528 1922 3990 6926 9881 2376 8802 9253 4936 6305 1255 2157 1106 8887 4171 
49 846 8440 6214 9743 779 2169 2756 9076 9761 173 9485 7915 4550 7045 5822 594 4728 9815 2913 8448 3686 9303 376 5994 4146 8276 5531 5567 9998 4372 7684 1844 6401 1208 6373 6355 9680 9948 7734 6339 218 6503 8830 501 4793 7066 518 124 5921 
49 9106 8404 6785 9591 1014 6655 5128 8083 2013 9719 8006 5228 7483 8322 841 1555 1096 881 9110 4147 3449 2056 9160 4669 2424 7265 4934 7378 4406 3085 5636 7285 7582 807 4285 3413 1646 1297 9620 6317 3930 4877 6028 7731 9723 6390 1367 5410 6804 
48 3187 5613 3169 3937 144 2195 4442 5520 1283 9238 2782 6167 7278 9338 2179 3320 6412 8159 5169 7554 9002 8185 9736 7075 1453 3343 6621 8960 1403 6110 1471 9337 5494 3793 3624 5824 9569 10 9886 7770 486 1881 3148 9573 5836 7608 4184 9478 
47 6570 1130 4433 5984 2570 1890 5082 6237 1133 5079 9394 9406 7561 9851 2843 7036 5413 5420 4582 6693 387 8115 1147 2551 7053 2372 8242 4756 461 4143 4860 6571 6070 1394 8881 767 4569 7512 1841 7125 7923 2706 340 2059 9330 6061 9510 
47 4322 2830 8896 8654 8080 7449 5751 8833 2334 1547 3625 3647 5887 3430 2320 8260 1688 9502 8347 198 8254 7509 2704 8355 1439 5790 2432 9465 8082 8856 162 2880 6081 9449 8079 5011 7857 6239 8088 4366 1181 1798 7004 4866 2530 7718 6014 
47 7584 6956 2351 8017 1139 2459 1325 5826 3332 4589 385 8292 9533 4672 9457 1233 1011 2100 2121 7076 3321 9118 8329 5581 7058 1457 183 3102 2484 9626 7133 1335 7797 9926 6831 542 821 2597 5686 978 1947 6169 9474 4512 5551 4875 7936 
47 8078 8453 7708 4807 2384 6374 4824 6516 8933 7981 7538 5157 674 2233 6160 4679 5291 8345 6063 4132 5367 8436 1856 7276 9390 6439 1383 381 7823 8041 433 6095 3969 7145 6259 2764 5992 5120 8555 509 2885 4532 6012 5054 8151 3444 5707 
46 9189 6425 687 8934 5483 60 9754 3992 4817 8594 5323 9936 468 4874 739 6097 1444 4266 1389 4428 1962 1847 1482 4829 6611 1567 2568 6009 9487 8626 5335 4806 1200 7862 1982 8632 4927 77 7970 7166 6052 2561 1150 3872 5690 2661 
49 445 9340 2847 3119 7611 4239 1465 1554 6278 6618 1521 456 5218 1897 5406 2176 8309 4869 5694 4657 9855 3121 4599 7012 2560 95 8882 5378 6565 4164 9928 2270 19 6314 3000 5735 4810 5221 4999 5017 1958 4138 3710 4197 8187 2349 7806 6537 582 
46 4182 6578 1956 7173 2769 5117 432 8162 8176 232 7464 402 6630 3465 4900 5071 7345 3507 6948 1320 2878 125 1853 965 4080 9794 6323 1789 535 2319 6458 9519 1992 5576 4968 4403 5225 9208 6366 9134 4552 2268 2213 4708 7996 6835 
47 6808 6488 9498 4765 7402 8052 9286 2279 6580 2673 1854 5170 8377 6567 7664 83 5451 8801 6018 2818 1294 4294 6670 3096 5299 3574 7889 7813 7262 4719 6087 2676 7749 4729 3561 7998 1997 4905 9805 4571 6447 5734 3334 119 537 7272 3708 
49 3423 8698 8128 68 8919 2305 9175 5109 9033 4983 3755 216 975 9795 6750 7784 1132 3835 4684 5000 6849 8665 8248 8675 7114 1052 9830 8688 2341 6353 1941 5139 7634 935 4491 6855 6241 506 8853 8940 1716 44 8024 4058 3868 4791 1653 6088 8385 
46 9392 8184 1125 2793 1807 4870 2965 9484 4304 8293 8798 5506 6163 7835 9689 7082 4533 8826 7404 2390 3390 1498 7831 4148 8972 1876 633 4610 5389 4202 1273 3915 4233 2773 8163 5184 2336 5359 9934 4228 8981 3403 7424 7697 6133 9154 
44 1048 7794 9584 6265 5115 6416 3557 3122 8937 343 3001 630 3830 141 110 8330 6674 5417 2606 1280 1952 7623 9796 2508 8497 524 7832 3790 9783 9230 7293 1476 4308 1372 5589 7360 7616 8219 2054 5021 3279 845 2804 9958 
47 9960 3452 5334 8166 9685 7982 8751 8714 4069 1282 3019 6874 3803 9954 3500 1676 2590 6707 2780 4906 109 3944 1314 7233 7044 4843 5546 2216 2929 2026 268 8822 5858 8091 5004 1989 8811 6911 2427 566 196 2834 574 1672 2957 7899 1766 
48 4078 9445 7186 554 8977 1051 3845 6922 3731 1588 3480 150 8914 6738 4736 2832 1092 1104 3194 5766 1163 4511 3629 9 178 8348 5646 2658 7912 9077 6739 3718 1201 9009 6034 4024 622 7501 3998 5996 1119 192 3583 8225 4685 8443 2367 4678 
47 3236 6330 4507 49 9492 6003 9627 1758 8746 6036 7526 4356 6978 8638 2763 3166 4440 9821 911 1244 4835 6143 1458 6696 1068 775 7081 302 6045 3714 742 3217 5364 6694 8474 3257 1017 2896 3842 9863 390 6068 7008 1313 7422 8753 7456 
46 681 993 8125 5136 1704 1410 350 6407 462 1715 8727 1302 8365 1944 8668 8147 4292 872 8008 5428 2463 6471 8255 4417 475 7803 4106 1469 1117 490 9709 5572 6346 9265 1987 7140 6619 7342 1237 1626 2170 4643 1540 2620 2007 419 
47 8424 4107 9957 417 5077 8003 4966 2145 837 2468 1674 4703 4377 5904 2274 8628 4856 5578 2495 9703 924 9672 8814 8883 1063 8362 8713 9587 4482 8199 5078 7051 2438 146 315 1328 808 5719 4884 9865 5459 3041 448 6157 8216 6017 85 
46 78 2698 3929 7397 6402 5534 9079 3744 2918 1750 33 6817 8264 9737 5704 9771 8562 7400 3290 680 8007 2546 2287 9852 4525 2798 7217 7428 4086 7826 5267 8748 3691 5437 2162 3996 5946 399 5261 497 4841 8986 7965 265 6164 647 
44 4764 474 1712 9104 3316 6961 8613 3114 5867 2136 4809 2797 1871 6824 8122 8318 6574 8616 3834 8390 917 9996 1488 2185 2695 5741 2087 4299 5431 463 6004 2831 7913 6592 2285 8777 6251 6041 9698 5667 2123 282 362 4331 
45 5835 2517 9820 5528 6093 9785 9811 9806 4587 1138 7361 1420 4263 7046 9067 5547 7387 5395 7355 3095 5024 986 3585 2869 214 494 1763 6334 4035 7040 6035 495 1251 3338 8676 6659 9903 1877 5275 5398 5859 950 6969 8180 7021 
46 8786 2381 9288 4390 7636 6234 5668 5066 785 9825 899 541 3192 74 4272 6800 2725 1709 9655 6456 9081 1553 7238 7035 3805 9047 414 8843 3432 1652 9611 6682 6468 1478 9146 9061 1731 25 3015 3547 5231 4698 6883 3472 7471 7492 
44 9872 1187 811 1040 5794 4957 4386 3671 4183 6764 8741 1194 1310 5763 7761 995 4019 5701 8775 2657 7171 9262 5076 2227 3231 7283 6249 1190 6381 9199 5745 4073 6089 661 7128 4993 8672 1762 4872 6397 6332 6639 5470 4916 
44 8220 1468 553 5492 5462 9735 1220 9625 3186 8417 5433 9186 3544 6606 7942 3986 5290 8455 259 2944 8338 1409 1613 4129 6512 8156 3880 8304 8419 1384 8361 4007 1362 1529 6289 2884 894 8409 7856 2041 5774 1001 9527 2518 
43 6603 7545 5967 4896 5669 3050 3266 7992 9721 5499 8201 3780 2687 1532 2538 878 3286 5480 1935 5219 6272 5839 5072 8732 2110 7218 4868 3244 9234 8729 1775 9541 732 1900 4490 5615 1404 843 2915 1350 764 4014 5517 
43 2636 8579 3533 3630 8547 1429 6073 443 8418 2853 8460 7392 9437 7462 6268 1799 8967 2370 4402 8512 7005 7298 5268 5652 9659 9471 8269 1563 4686 1561 5452 897 2588 9353 3111 262 1967 31 6821 7764 2668 7641 7417 
44 3873 9246 5939 5966 9397 6030 8936 2147 6112 2001 2322 5935 2194 5975 2080 686 5963 1870 6941 6701 1761 557 4177 7615 418 5539 4847 478 3372 508 4725 2180 3526 4485 2987 4038 2422 4196 8516 4437 5432 4881 7907 6065 
45 4616 6227 4246 2855 747 5400 4910 7980 3757 9831 8865 6652 3802 6328 6276 5687 7753 6735 7958 8892 7949 7860 9411 1504 6134 3599 3890 5989 179 8403 5923 8664 6165 8428 6560 7252 6209 7477 5196 5256 4237 5844 9650 8683 5208 
45 8407 3968 3878 8356 2472 968 3733 7249 1923 7408 1542 1222 5302 8506 7202 3481 1825 2153 2548 3251 3849 3983 6742 7725 5730 1927 3820 5272 6759 2402 608 8656 1077 3593 1966 6583 4584 2261 20 6901 3328 5375 2781 2528 3232 
44 1386 9662 8432 6970 5113 5112 3950 5522 1994 7158 2838 7379 530 8783 8316 8652 9910 9247 7863 1172 6386 9959 4551 9609 5943 4727 7834 2113 5655 8563 5194 7940 885 1669 4012 3224 3354 8146 9452 3522 9645 8514 3504 8636 
44 3922 9243 1896 7787 9951 9352 9751 5052 7988 8012 2591 9078 8263 2061 3494 6705 9917 5329 1097 5840 6010 7346 3441 5104 3672 4614 5174 4924 5043 6140 6019 401 7391 298 6501 3352 5725 990 5685 2441 2670 2215 7947 7215 
46 3145 9284 1595 6461 7638 3659 4217 35 8108 1095 8564 679 7960 383 4559 5293 360 2891 3490 4873 5894 7388 1936 5752 4332 9507 1221 3113 7410 9534 9749 3732 3428 2277 4563 3712 5873 6499 3938 9927 2008 1010 5948 1211 3059 2480 
43 3831 5262 3693 1556 9646 9219 4005 7715 5353 4454 3745 2142 6300 2474 4100 4375 6025 223 4410 6253 1094 1137 8168 131 8587 1013 3337 6937 9516 2688 890 8359 1311 459 2812 4367 8002 7050 4592 2380 2659 4977 9700 
43 602 6770 6888 8903 4318 3264 7742 9258 7668 6437 2613 9491 5748 8988 6354 8591 648 3356 9844 4748 2342 1496 559 9630 3213 9717 6058 2307 1286 3140 8735 8467 7658 8010 5445 3848 6577 8987 6008 1801 4339 7153 6614 
44 8044 5944 2241 3855 7084 3762 6790 3610 7870 8873 7880 435 6331 1526 3453 4988 5983 5761 2033 4919 669 9902 5214 9197 1376 6850 8480 4330 2941 7398 5362 7057 1455 3676 1874 7717 3014 6818 1629 4590 4586 900 2630 7010 
44 7828 4494 9887 5149 4802 2042 9273 8053 6125 4137 1996 4116 9880 2552 619 7876 1880 353 6728 3124 3011 3759 5820 1088 9119 1840 2653 6315 355 424 3789 562 3874 2476 8685 7683 7074 4459 1015 8416 769 4775 4254 3386 
43 9014 773 8468 182 7529 3679 7798 6973 4784 7952 3346 606 8920 2477 87 8013 9090 1158 1915 8855 1461 6414 4226 449 9469 1616 1673 5422 5708 3973 46 5626 3689 2089 2784 4369 5812 7386 3057 6161 3633 4771 4300 
44 8724 6543 8406 8523 1779 7985 9150 3323 6520 8281 9909 6244 2794 2064 7629 8089 8760 5281 6684 777 7953 3026 585 5978 1713 6877 4604 4648 2118 4159 4464 8064 4041 942 7583 8747 1396 9099 2737 9463 6564 2504 1627 2507 
42 5062 2607 5467 5213 8481 8445 2506 678 81 3949 7359 8627 5878 5976 6171 3742 4844 3382 5122 7809 5962 2671 66 9427 507 6549 5554 4198 3792 867 139 7311 2374 312 983 4020 4981 5161 7246 5361 1315 2681 
42 7653 5673 7984 8566 5965 5148 4355 5229 3917 308 2745 3587 4889 5403 6287 6033 1023 7846 2314 3377 8871 6895 8295 999 440 9929 6232 9083 1343 2816 1506 3823 3084 1930 8520 9476 5870 6798 6842 9995 5681 3748 
42 3491 6257 1425 6155 1148 2430 3716 1448 6027 8381 5138 3203 2937 670 893 6138 8296 1920 2842 4161 700 3525 8190 5590 2321 9085 7027 8 4711 579 9496 8393 2250 7868 7453 1474 4026 2848 3349 6179 5562 7348 
42 746 4662 2954 2693 8586 3524 7295 1855 8954 6616 5010 5296 925 3865 4888 9720 2255 5063 4382 1029 3853 3888 9252 5295 1213 3737 454 6949 6685 7627 3617 765 4426 9201 5515 6201 1486 3289 9615 4965 8932 7559 
42 9215 3384 8297 3027 3324 3306 2752 4152 7375 2057 2622 8478 8235 980 8004 8466 5311 7334 4379 1128 1056 5202 3753 8490 7212 1511 9999 1732 1087 8817 7819 8102 6909 6103 7897 3800 7604 6573 2594 7322 3555 5723 
42 6950 8669 1751 7329 7922 3278 5333 2144 6753 4903 4395 3644 8154 5757 1899 5603 9500 8284 239 237 3477 3461 6502 6048 9387 7353 705 1903 7168 4206 2081 2072 7977 7301 8084 5582 1765 5849 3308 1607 8805 1185 
42 1965 4469 7337 9131 3383 5553 4200 9974 2167 8726 9172 888 3341 9368 1309 2928 8611 4212 1459 8109 2617 2237 3319 2740 8837 255 3419 1101 7366 4333 9682 4620 7228 1005 1209 892 6311 5650 4353 8307 4789 6051 
39 2182 1271 4751 2418 8120 3295 3680 5796 6049 6389 5053 8840 1120 2083 3791 8144 9466 4547 3778 1249 9283 3437 7155 1169 887 5980 2192 763 242 9379 8326 3066 4008 5805 6327 7223 2143 8132 6135 
41 577 8207 4717 3656 1192 2767 5566 6000 2569 2637 6971 1477 5911 5068 4460 4431 2986 9116 1744 3054 6345 7909 9564 802 1240 5154 967 279 8800 7098 2934 2579 9101 695 6907 6833 1705 6320 8589 8819 2980 
43 2209 6982 1846 8971 2604 3866 9139 5436 4734 2435 3304 9854 6559 21 8593 2097 2062 8857 3360 3771 1452 1774 3458 1391 9209 241 2602 9846 7573 6020 7535 786 5449 9945 3447 9572 2718 9900 3653 5543 2814 5227 4275 
41 3256 9688 3772 7335 7253 7579 4834 515 2439 9955 2409 1895 5235 4432 6344 3794 4153 8861 6192 7077 8142 2010 6743 9323 3814 3109 4787 6505 7041 3497 797 1232 5316 3135 7601 5950 2448 2273 2532 9873 8618 
41 2993 8183 6319 4122 7042 3746 3455 3858 964 1592 3299 465 9883 7651 70 9906 3631 8659 1261 2369 5265 5767 4335 6226 5248 5287 8098 6803 4876 7302 6118 9479 9167 7354 8363 1509 3959 5729 9971 8268 2783 
41 7426 601 698 9460 5721 8438 4560 2535 7383 6500 164 8454 1797 1074 1431 2230 4435 7213 430 7247 6406 2151 2982 4970 5037 7733 8429 2592 5111 9638 4772 2317 1112 18 3351 3239 6184 8195 2031 4707 2406 
41 1717 8090 286 8740 4046 9966 3380 2815 2394 1593 6744 1998 743 1980 3908 413 1166 1747 3034 9800 6451 1866 4109 8087 5614 6247 9693 9341 3843 3523 267 1481 4850 7714 7713 616 3457 6776 1638 5204 9837 
38 8551 4922 7494 8170 3987 6150 663 171 5125 8609 9892 3018 4938 5502 9818 2656 7188 4430 3136 895 6433 6462 7676 5205 1584 272 1065 6987 5145 9649 6541 5657 1834 9962 2703 2904 2895 8879 
40 9742 3076 8447 7251 2512 4151 5713 1795 397 1243 8423 6470 8642 871 6989 1960 3241 8963 7321 3646 6837 1571 3799 1495 4191 9566 2196 8863 7274 1534 5341 2117 7139 5702 4531 9705 2716 3645 1268 8009 
40 5354 1893 5941 9042 3373 6748 4655 7488 9272 4044 2410 4025 5278 7024 2558 9222 5332 2092 7696 9448 2888 4232 5662 56 3125 5399 6863 3999 3223 7530 3053 1912 6602 948 7788 587 3207 8353 2556 2565 
40 9054 534 2496 4994 7120 1614 6815 4867 250 2450 2027 927 2707 3774 5601 7275 7596 529 5869 5808 1968 9931 1918 6104 3293 6789 1084 3077 6805 4859 7562 6774 4790 4593 2269 7677 9505 8784 8360 9914 
42 8946 2332 6347 191 5020 1907 5351 2770 5542 6551 5580 6286 5253 6535 1693 2735 6820 6862 6378 5438 838 8761 9312 6930 6851 3359 7479 9641 8331 1617 8157 7498 217 607 1878 8306 5936 378 3664 2075 2134 7260 
39 1574 1599 6062 1339 1036 9097 7467 6099 9773 1009 3326 8517 8469 974 2802 9979 2577 6829 2534 8915 3301 3108 8373 8999 840 2070 591 3916 2861 9210 3154 349 3688 9878 8100 9535 4699 7903 5240 
40 6669 6683 3833 5903 6871 9967 1042 2258 3537 8375 6919 7580 9240 4370 257 7091 822 7370 7043 3065 1188 733 5617 303 1351 3433 8271 2490 1884 4939 2421 3655 1318 4255 6761 7810 2385 951 7885 3436 
39 3611 280 7216 1037 2252 434 593 5318 5210 6309 5742 5274 7869 2547 8499 4515 5768 3127 2251 2077 7893 4312 1858 6302 3824 8866 9269 6589 8021 8411 9301 2883 1995 3649 5569 3197 3468 6974 8696 
37 7822 9764 4170 1186 5612 2212 1093 62 9302 184 3715 943 7304 7503 1329 2408 5352 133 673 3063 4213 7836 9671 613 1338 4879 5979 5929 6116 8521 8622 6797 787 2712 47 9161 7533 
39 2452 9692 2803 7475 6463 9382 6102 4739 408 675 1342 2403 2919 4062 7610 7257 9871 5847 3199 6208 539 5114 4955 2792 6712 4010 9294 3597 9605 754 4121 5381 5101 1951 2510 4479 1288 2985 4594 
36 7277 5325 626 8286 487 1863 7482 4942 610 3130 380 1189 1694 9839 6813 6085 3020 3923 3132 9024 2015 7546 5884 4103 4752 3852 3394 1356 1843 6066 7505 2115 5882 4820 451 5029 
37 4466 6021 8565 7581 9129 1600 5 740 7691 4185 22 4247 1671 7423 3506 4344 7989 6749 1406 914 3692 1173 8319 583 1955 5977 5641 4269 723 8075 4608 485 6709 9778 4561 7319 5915 
38 4974 7539 6778 276 8885 8906 2633 1430 7016 771 6994 3185 5510 6711 3515 32 7919 4617 643 6175 1726 6380 6079 5040 3885 5733 7547 4932 712 2025 5019 5819 7644 7121 6074 2306 4516 6865 
35 3216 8653 1842 336 4279 6876 4573 3049 9599 7110 7240 4638 6037 5259 71 5108 7682 3920 1507 8908 6384 2692 6900 6827 9401 2696 1129 3739 4296 818 9557 9774 7478 9438 6810 
37 9413 5160 4236 928 5127 2048 5585 5783 2154 4341 1149 4289 5100 3398 3982 258 5800 3502 143 1662 7199 2708 112 8310 4070 2112 1400 7211 269 5155 2392 3752 8535 9679 205 9444 6217 
37 9168 5147 7395 6992 3150 817 9120 5726 7773 3703 3272 1485 9314 2909 8917 1861 8844 2852 7532 7692 1145 1819 6539 2663 1623 3255 9357 4429 827 7567 9631 6832 6011 6415 5586 8640 6650 
37 6638 8607 8568 4754 2557 5310 9268 5224 2912 2018 1784 5862 400 3254 5279 5951 6999 3310 6719 231 6607 3495 2889 8804 7292 3329 3142 8048 9245 3307 9377 8112 1279 2819 5276 7801 8092 
35 9328 3288 1734 5917 3612 1515 9391 5990 956 9571 2983 1219 7390 3105 4591 2020 3795 8446 1873 1830 4280 4438 9239 6734 9946 7325 657 2074 3469 7101 3713 6838 8845 2902 3970 
36 9888 5524 1365 3471 2715 7481 1197 979 3847 6205 6446 9059 9308 3683 4334 4818 9664 4943 2540 1914 2256 3370 8764 6039 5931 4499 4441 4626 3591 2443 8179 2751 8515 3988 3607 4674 
34 9594 5801 8177 328 1926 906 1276 5307 5058 9803 8577 3905 8025 8245 7267 7549 9072 3879 3801 6228 3180 8667 7500 3378 748 5663 4242 3023 2553 3577 7094 6506 3697 7553 
33 8504 4501 330 3044 3951 9322 2036 4408 2609 9565 800 2542 7765 4489 3134 9179 609 8279 8149 6846 6968 3895 8414 1578 8868 6923 7454 423 6917 195 2328 7100 6513 
33 4049 1312 4166 5564 8049 8193 3164 6566 6369 6979 7671 9853 1360 2867 1564 4992 7990 3464 2666 7859 2219 407 5899 1523 97 3206 1072 5088 3586 823 6478 9582 882 
33 4141 377 8590 7183 9052 7976 1985 1969 1677 996 3195 3770 8974 9921 8253 2705 9007 6457 2428 169 1070 903 8614 9528 9922 4133 5762 7055 2079 1633 2694 889 5549 
32 6154 3503 7448 8884 1976 3623 6016 555 2106 8679 9324 6553 7455 5397 4941 4825 2720 7973 6484 8787 9588 6078 5541 7732 3728 945 8452 5872 6465 7486 5009 7289 
30 5370 7205 7115 5529 8261 9095 1612 6779 5637 3854 689 4544 7727 8047 6460 907 600 245 9810 7069 52 2650 8198 9701 5754 2199 9610 5558 5538 181 
31 558 4349 8492 7380 5005 8693 5423 4948 970 3882 9990 9949 5474 3229 9575 5411 8956 2500 5718 264 6726 8599 6905 2988 4861 3200 3787 9539 1061 4505 3459 
31 9159 1492 2335 4909 7161 2966 1260 6966 941 3934 4190 3777 452 1589 8294 9068 8989 213 8129 6220 1736 5806 8674 976 4624 9775 4558 2655 3995 7618 9924 
30 5777 3775 4057 8733 1745 3291 4673 7637 4004 8673 1427 3887 8813 3035 2184 6924 2697 1401 5487 6530 2315 2200 8491 1480 4886 6108 7389 9335 7602 856 
30 4768 6720 4989 3476 9632 1421 3707 6767 8462 7866 4452 7038 9499 2071 7536 7645 4284 947 8842 9050 9525 4125 17 4389 4786 6132 5190 7600 2778 3369 
30 9155 9417 2330 7421 3932 7230 8820 9963 9540 5303 2433 7597 4527 3797 6454 6814 2817 4277 9040 5775 618 2727 4498 7476 3550 7250 351 9486 1447 5764 
29 5326 7179 548 5997 1772 2353 5654 7842 3669 8828 4724 1370 4898 3893 9135 3010 3819 5737 2845 9673 3409 2564 481 1058 774 5902 9259 8456 632 
28 8644 1030 9166 2469 4400 9190 7723 1198 8239 7896 3821 1007 3364 9862 7018 305 7556 4112 830 2034 4244 2447 8662 7095 6126 6144 3572 8770 
29 1062 6897 9130 3339 8130 9073 1210 1293 5188 5396 7338 4575 4931 7815 7000 1948 1223 1103 6653 4800 9103 4738 8571 6736 4668 5264 6593 814 2065 
27 2765 5130 3333 3781 2860 8063 5610 6985 6221 3170 2470 6015 7743 886 3191 2355 1636 4656 6953 2527 2593 4555 7425 2598 3445 3749 5571 
26 7609 3128 3099 6620 5116 4195 4933 393 8251 9393 111 734 4201 7701 3028 5579 5947 8283 2949 6977 9419 5957 8984 2641 2361 5143 
27 3562 3972 9470 2813 7707 6445 873 3836 5683 2158 3558 36 4110 4652 7950 4612 8231 7290 157 4676 4113 6466 4094 3007 725 151 2210 
26 8952 9913 5185 665 1024 1776 504 8410 8790 2232 7703 6515 790 7830 9490 4723 3941 5720 9707 3897 8758 6725 6443 4982 5871 469 
25 654 8394 5914 479 4716 4622 4053 4323 6643 8256 2039 4095 3262 9300 6612 4258 6741 9292 6617 4509 2972 8900 4763 6894 9333 
24 3782 4474 5555 3598 3907 6657 5478 1770 4562 3678 4667 4383 510 832 3622 8137 5648 3512 3047 247 5495 7373 488 8030 
24 7613 9248 2777 40 2323 3242 4567 8257 3871 6218 720 2243 8258 8413 1214 3246 877 4637 4623 7438 7585 2174 6043 4972 
23 1641 1035 8227 2037 1080 8530 6676 3443 4313 7598 8649 2788 3548 5412 580 9158 1352 7779 8975 2292 7881 7563 1159 
21 9282 3051 6231 6459 7543 7768 6348 9622 1127 4193 1602 833 4945 1402 8807 7491 3609 7514 645 8534 2702 
21 3590 6640 4660 6168 1398 4227 589 5176 117 9044 2509 8106 7531 8507 3981 4839 96 2290 8196 5340 7225 
22 2417 159 9933 34 5895 627 682 6866 4745 6312 7078 7450 9593 5497 9309 6156 1838 5695 5485 9683 646 1702 
20 3877 4632 9568 7699 9669 4628 1804 2129 106 7468 6697 5314 9793 5282 9280 1905 3535 4865 307 9551 
20 1753 3482 2263 2578 4248 6794 6379 4621 1012 356 5592 9482 8939 5848 2014 7612 9877 4819 3046 2886 
21 9371 8366 551 850 2396 3783 4278 6299 1340 5390 2892 5508 8352 5852 345 2114 6375 57 6204 1450 5631 
20 9194 9251 1113 8841 4034 1380 2801 6658 2489 1028 3086 8602 9704 7312 4713 8135 5727 5479 7143 285 
20 6229 8121 4481 1066 421 2841 4001 473 9362 8848 4483 1493 2426 7620 8426 5027 5972 471 1537 4493 
19 9440 1573 9506 9304 2746 4009 1217 1344 2774 9436 4264 4504 4892 5828 6174 6026 4814 6453 5212 
18 1938 502 5195 4803 6421 738 220 4221 1258 4799 8206 4040 6651 6367 664 2882 8578 1887 
16 7995 2012 9787 4006 4480 229 4730 53 794 1032 3330 2280 6773 636 2984 7924 
15 7576 4099 7011 3696 9428 4181 5912 4145 261 9548 1085 7443 6098 3705 866 
13 3123 9200 6475 6032 605 2701 2391 2536 6361 9781 8691 8215 2981 
11 9561 6879 3643 5377 1964 7177 2236 8924 3997 7931 565 
11 3265 2766 9037 9755 6395 6556 2242 1917 5439 5343 3212 
10 102 2191 7439 3640 7744 3405 768 6826 3651 793 
9 4935 9038 3701 5632 4777 3267 6686 9745 243 
6 7883 2864 7331 7552 4249 2221 
6 8315 188 1818 5516 1250 7721 
5 4189 726 9202 9559 2479 
5 8546 5383 656 7219 9408 
4 5955 436 8400 16 
4 6791 1143 2 4214 
3 2265 2795 6765 
2 4052 1330 
1 9925 
1 1817 
1 4065 
1 3511 
0 
0 
0 
0 
0 
0 
0 
0 
0 
0 
0 
0 
0 
0 
0 
0 
0 
0 
0 
0 
0 
0 
0 
0 
0 
0 
0 
0 
0 
0 
0 
0 
0 
0 
0 
0 
0 
0 
0 
0 
0 
0 
0 
0 
0 
0 
0 
0 
0 
0 
0 
0 
0 
0 
0 
0 
0 
0 
0 
0 
0 
0 
0 
0 
0 
0 
0 
0 
0 
0 
0 
0 
0 
0 
0 
0 
0 
0 
0 
0 
0 
0 
0 
0 
0 
0 
0 
0 
0 
0 
0 
0 
0 
0 
0 
0 
0 
0 
0 
0 
0 
0 
0 
0 
0 
0 
0 
0 
0 
0 
0 
0 
0 
0 
0 
0 
0 
0 
0 
0 
0 
0 
0 
0 
0 
0 
0 
0 
0 
0 
0 
0 
